"id","sentiment"
"12311_10",0.9873271208099705
"8348_2",0.041391106509042035
"5828_4",0.9001996870300661
"7186_2",0.8397063912891224
"12128_7",0.9704648650775042
"2913_8",0.971528081654691
"4396_1",0.040746005806272724
"395_2",0.10658669647639699
"10616_1",0.03407885132575152
"9074_9",0.10253122067258409
"9252_3",0.04932707171170042
"9896_9",0.9416156299241089
"574_4",0.09797542018244786
"11182_8",0.8890725051439311
"11656_4",0.08407962649226107
"2322_4",0.8590366528702238
"8703_1",0.09130078264075517
"7483_1",0.10503647779309794
"6007_10",0.9863591475558794
"12424_4",0.037359056120823755
"4672_1",0.03415770456515273
"10841_3",0.04052353581909701
"8954_7",0.24669161001278397
"7392_1",0.043800392226286726
"10288_8",0.975178176598551
"5343_4",0.03710391427852811
"4950_1",0.03533995062535155
"9257_4",0.7992330062177846
"8689_3",0.11566309379692594
"4480_2",0.04046266763880536
"9286_10",0.9774744495733967
"12245_10",0.9907291226323329
"7529_7",0.9359323646457688
"4_4",0.039995958600402705
"5299_2",0.03737169206606245
"12077_8",0.9570250772537559
"10701_2",0.03636934001689349
"11579_1",0.04661443920201912
"10993_1",0.0377437313488836
"8913_1",0.04189954648007091
"1350_3",0.04023778764513853
"3804_2",0.03931829248864369
"5025_3",0.14118533944133074
"5170_8",0.9200502176773249
"8225_8",0.9761341571316635
"6427_7",0.9774653203256348
"3165_3",0.1886873420466843
"7902_9",0.9894099610359754
"8208_3",0.03894971693060101
"3577_8",0.9680208700367966
"4865_1",0.036148886510911804
"9063_3",0.18172588623064673
"1106_1",0.21882909505276316
"1117_9",0.9892388116728303
"1050_4",0.12753414741406954
"10755_9",0.93033245688172
"2729_8",0.9640342616088731
"10072_10",0.9864280870496538
"2904_7",0.9870513657292754
"4584_2",0.8441834018028239
"189_4",0.2531236452871427
"6302_4",0.15915093629800675
"8138_9",0.947134518193895
"1262_1",0.04594606987753448
"2199_10",0.9864095440454141
"6551_7",0.9752944847256105
"8082_7",0.16473431854723344
"4897_8",0.9884495312138659
"7360_1",0.04028946515930988
"11012_10",0.9842144615663383
"12046_1",0.07938321211140564
"2331_2",0.06815621586922384
"8961_9",0.9616555322664965
"751_7",0.8625457978044136
"9884_10",0.8975770781707915
"10016_8",0.9730372156854805
"8023_10",0.8964771601218184
"2628_1",0.038710042828853417
"5832_1",0.036093455520181894
"7302_1",0.039664461831251545
"4501_3",0.08860132879602794
"1121_7",0.9332480375861192
"8334_3",0.21371464710445576
"9789_10",0.2018832666944712
"4230_10",0.9524207318103804
"824_4",0.052628984045744384
"6803_9",0.9294915500247364
"3086_7",0.9886477399954884
"1135_8",0.9852519692344367
"10136_1",0.03578217009058681
"11129_3",0.037553447579700014
"2072_8",0.2885592162212399
"9501_7",0.9847091328240984
"319_10",0.9840540692148135
"1693_7",0.9822117823689045
"10886_1",0.03490816357634867
"9406_8",0.9707436442023651
"10376_10",0.8516691424660404
"9902_1",0.04060387577581838
"9938_8",0.17857813352728957
"7080_9",0.9705925564804821
"11944_8",0.88679286723324
"5249_1",0.03880870272509539
"9599_2",0.14977529557732924
"9620_1",0.04662411986271814
"11244_1",0.038509299100704726
"6841_10",0.9859927213708655
"10050_4",0.910743654251356
"10512_9",0.9709238566648362
"11327_3",0.03861083553037866
"10681_8",0.9823228137493791
"808_3",0.07853661132386743
"546_7",0.9852025097536522
"10765_1",0.034305801298611285
"7189_9",0.8958888223236217
"6005_9",0.9851174043525774
"11915_9",0.9795735012732052
"5740_10",0.9729308108848117
"7097_10",0.2758179891528855
"9573_10",0.8244788109485814
"5084_4",0.10989243227259742
"12332_7",0.8304036917409443
"8154_1",0.04011235310025559
"5610_1",0.040323141585619796
"5323_9",0.9454054677585731
"11034_8",0.9676582810622445
"3977_2",0.06560059834421522
"12380_7",0.058407180847162635
"1737_8",0.8436711108535487
"6030_9",0.8694408208573464
"5918_7",0.9721127555161616
"7061_9",0.8590923296470483
"266_8",0.9531295703288145
"1375_10",0.987346342833638
"8648_3",0.03501796298400705
"10146_10",0.9884015894701066
"4578_10",0.9844547997111099
"4685_8",0.9861476735588381
"11843_9",0.9562999701025066
"5467_10",0.9902725840896038
"10140_10",0.9790266616435315
"7721_8",0.9898781681288317
"11208_10",0.8669437650395888
"1063_10",0.9843761267973564
"8260_10",0.2744492460178754
"3182_9",0.9721249366285496
"2797_8",0.8897325688790674
"7613_2",0.7143907458108455
"11624_4",0.03955559924626587
"4847_10",0.9617081958569116
"10684_7",0.8708398741549573
"6312_1",0.11216204631846463
"4925_3",0.03835805206452971
"4125_1",0.03580020198247406
"2394_10",0.993183765283947
"12105_10",0.9799301883156015
"7812_1",0.03606561982337741
"1061_8",0.971283585073172
"9343_3",0.9032719932284942
"7696_10",0.9898126625563
"9355_10",0.9936505107049456
"782_9",0.9894642211200392
"9882_10",0.9907397181576826
"10642_10",0.9711763415536727
"7410_2",0.04096821480660322
"9591_4",0.03595103149497657
"11902_3",0.04321069944417808
"3495_7",0.133616538373815
"6733_1",0.036530065625422305
"4552_1",0.03521531595358842
"6722_1",0.05752812768407312
"188_10",0.9726551110921895
"5099_10",0.9859172086318426
"10313_1",0.04666090182493651
"6756_9",0.9492805822949582
"6622_2",0.037746333611552677
"4807_10",0.9909712627272286
"7173_3",0.04996242009306537
"11321_8",0.9052728147304824
"7909_9",0.11281762563590114
"8012_7",0.12820201755582705
"8615_4",0.04436875436373614
"8117_10",0.9412398364000526
"1892_10",0.9857291075509873
"4617_1",0.0457271054852085
"1893_8",0.9753284875785725
"5435_1",0.03752766701430234
"162_3",0.036381562732861424
"6516_10",0.9882409232309777
"11588_7",0.9717561058091424
"2006_1",0.03623263916983554
"1594_4",0.0524329155120746
"1472_1",0.03566164432982903
"3647_1",0.0792677378191281
"174_7",0.9609735084115563
"5539_7",0.05421506620228402
"3384_10",0.9942058080749762
"3811_4",0.12505735211370866
"4079_8",0.10892340523416652
"1179_7",0.8483698025605162
"3069_9",0.9898497721582151
"3769_8",0.9498445228660999
"9247_10",0.9214605835663369
"10434_1",0.036605042064334514
"1147_10",0.9874128389024364
"5344_7",0.9665165658075259
"8073_10",0.9785408978110379
"7833_3",0.037071152740713556
"8370_1",0.03813435119227076
"9007_8",0.054171859548008044
"6624_7",0.18599819014541752
"6683_3",0.054407387282324485
"12275_7",0.20395115096182242
"11927_8",0.9824255351832571
"1560_10",0.991784895250624
"1325_9",0.18708715839764317
"3548_8",0.17626453220133853
"607_1",0.03423183372101503
"6702_7",0.7569647346571708
"5702_3",0.03943116207884739
"11345_8",0.9827665264933805
"3428_4",0.10415268978466831
"7209_9",0.9900939913390843
"8425_8",0.9876083374671734
"3087_1",0.06357942642322337
"1119_8",0.8004115234076054
"5715_3",0.09152448108484233
"8645_1",0.03842302112173741
"2149_3",0.03749226363022806
"10403_10",0.9706415904727297
"5628_1",0.039455771675607466
"5570_10",0.989095323047224
"1613_3",0.03832433132400604
"1454_4",0.958016732893781
"5094_3",0.05222163984184686
"7982_1",0.04229998174537285
"6894_2",0.8404186940950754
"6554_1",0.05677121664514556
"4721_3",0.06767107444323509
"6904_4",0.05622859566228104
"893_8",0.9880744037158926
"4605_4",0.11358556674444922
"11516_7",0.23154322116722348
"11718_7",0.9901300151007386
"5956_1",0.034640837534251845
"7455_9",0.9262542125833493
"6396_4",0.9546571215804885
"1223_8",0.9840607920478257
"8556_1",0.036628233857747154
"6108_8",0.9547539713414547
"11690_1",0.03734514143757654
"3778_9",0.945333358969846
"3627_4",0.18371302458450195
"8256_4",0.09561509622576995
"533_1",0.034996391677008604
"5235_4",0.034290250464755305
"621_2",0.08856223755629533
"5365_1",0.093514244830955
"8180_3",0.06643017146030067
"7396_7",0.05645578145264056
"9776_10",0.9862101192946241
"8175_10",0.9827625845267952
"3128_1",0.03863937551357484
"4606_1",0.879567380291032
"6158_2",0.03452190433443382
"3281_10",0.9609409788340009
"4723_4",0.04307009103783959
"11994_3",0.04926457869475292
"7701_1",0.02890590676891062
"103_3",0.049603364072526863
"8908_10",0.9799054823185849
"8876_1",0.035674640338100035
"7519_9",0.9794091185664205
"12456_8",0.9463247372620763
"9514_8",0.9579246556368914
"8680_8",0.8164541679797442
"12402_10",0.9703027840398921
"362_2",0.049036331940757474
"9825_7",0.964284343949761
"2913_3",0.13292217867628342
"7164_8",0.9797393482701023
"11177_7",0.9010495748977693
"5707_10",0.9772977604783466
"8103_10",0.9841299439971343
"6289_1",0.034627391567565315
"11754_1",0.2588773155322253
"11640_10",0.9845423860177376
"9933_7",0.9027016463361803
"185_10",0.9852145439704124
"242_10",0.9893967841910553
"9369_8",0.9105215083553881
"7453_10",0.9304278651237406
"7514_7",0.24610809317781177
"10860_2",0.03899562883625638
"8663_8",0.8960883865323291
"9108_1",0.03909335631823907
"7941_1",0.04977019452797627
"10116_1",0.03453907236600966
"9841_4",0.06564369648562868
"4512_9",0.9845905988815031
"4853_2",0.05600607817456524
"2664_4",0.20249797543357645
"9966_10",0.974932634942494
"5167_2",0.04129118706517054
"3894_2",0.035397165132702586
"3929_8",0.9629699248561171
"7165_10",0.972139902902028
"5451_8",0.7770914692258234
"2947_4",0.2798673284620928
"4611_10",0.9807617886163162
"5807_1",0.03940005761826492
"9464_8",0.982176771814862
"3124_10",0.9796649600165549
"2705_4",0.9410588565488085
"12187_8",0.9865793395645542
"12319_10",0.9723469187248537
"9874_3",0.059663404185292784
"3406_4",0.0747509634804579
"2327_10",0.9871422625296471
"605_10",0.9807490583554723
"8080_4",0.07637418445421384
"3074_10",0.9904079883455317
"2499_3",0.04483725342934702
"1013_1",0.7646986418796115
"11535_1",0.03672438109589121
"4118_7",0.25732509116978314
"10492_8",0.9750469471155814
"2129_4",0.08931335225214418
"9814_10",0.09950671516183077
"10671_9",0.9606381689565858
"5980_10",0.9864591573438559
"2755_2",0.12763132887482953
"5461_2",0.1313196644359886
"11979_1",0.07286018294041384
"8810_1",0.0367023101729561
"852_7",0.9762131789707924
"10961_4",0.03815498492799507
"7436_4",0.1497300363258241
"11281_3",0.27877764740408584
"4208_3",0.038432331913292435
"8213_10",0.8407863187952442
"9851_2",0.15564926500780232
"4713_7",0.8604929952354554
"9528_1",0.9875072858598072
"3595_10",0.9878964986035539
"5785_3",0.09177292874096483
"10370_3",0.03825044560453341
"1980_3",0.8819203295310614
"8800_4",0.14969497139660606
"4437_3",0.044953823992363945
"28_3",0.15570018005587566
"12171_1",0.12678424103961464
"9359_3",0.07533799295645952
"3831_9",0.9932575565229529
"10962_7",0.9843160666637907
"1500_9",0.8704435091697135
"11470_10",0.9309020931405806
"11843_3",0.03995284111672517
"11200_4",0.8901651064319591
"1067_1",0.03625478794772303
"3333_1",0.038865601060203196
"4487_4",0.9522585489985002
"6428_1",0.03726593291277323
"575_7",0.048582101914031874
"10904_9",0.9538665881874313
"11821_2",0.21585866217749164
"11605_1",0.03749521615540738
"1111_7",0.9608238224657623
"10295_1",0.7677642786502948
"1146_4",0.03886695638825593
"2405_9",0.06728010773579532
"11081_10",0.8701201863959773
"2201_10",0.9893875550605595
"4844_1",0.057333887562912425
"11007_8",0.9636409638296886
"6535_7",0.968006477552742
"2653_4",0.042127709309648945
"8245_10",0.944065316165047
"9951_8",0.9776420744069262
"6133_8",0.05042333071751868
"10006_2",0.035017380272306324
"7350_1",0.09411022797671093
"4509_9",0.9910511986693018
"948_1",0.03527645856996323
"3987_1",0.039784824799010805
"2947_10",0.09360709048827534
"6041_3",0.03454064935857168
"2946_1",0.035475651375313826
"11967_4",0.03667984318495846
"1185_10",0.9856549573410881
"10323_2",0.9189283260726517
"11706_2",0.02824221685982713
"3663_1",0.039209724779629314
"5602_10",0.9881620380584343
"4870_10",0.9086337574664374
"1994_1",0.039109221907390176
"10807_7",0.9830585529421034
"6871_3",0.9584842706329882
"1175_2",0.034910156889103976
"10919_7",0.9865443080193657
"8127_10",0.9825181332234979
"12497_4",0.042585523292961405
"3274_1",0.11950204057021978
"2568_3",0.0891556002557772
"840_2",0.03635049717606945
"5626_10",0.9891924772354738
"7561_10",0.9729646429867403
"4600_3",0.04686926888357145
"3324_9",0.20208426379444314
"8899_7",0.9555921389717184
"5592_8",0.9591576378137673
"12483_4",0.033148844997010686
"7874_1",0.034304182570997266
"5878_10",0.9786930247635071
"4303_9",0.8810454291372971
"9421_1",0.041298599853569984
"10269_4",0.14419748513493116
"10615_2",0.04547256497322371
"2634_10",0.9868634612695182
"7522_1",0.03498245571866271
"9289_10",0.9308767818883599
"4636_10",0.9676270895928336
"1241_7",0.8418204084217371
"9458_9",0.934988296379129
"11690_10",0.9884976408043771
"7176_4",0.18907297669808198
"6212_10",0.975219957698973
"6319_1",0.037922114931860026
"5229_3",0.053176958589060554
"466_9",0.9908149314709086
"8693_2",0.04174826809225105
"2952_10",0.9850629860074102
"1128_1",0.036458458252179755
"3975_10",0.9667859742387552
"11365_10",0.8816785758712723
"2074_9",0.984078579679733
"9768_10",0.9880763593902265
"4895_1",0.04094876435846039
"5726_10",0.9881637105649121
"9993_10",0.9847082335226424
"11319_2",0.10112870844380095
"10561_2",0.06476321520594586
"5455_8",0.9836798980305607
"10684_3",0.04233978690547115
"3652_3",0.04776289738689489
"7825_1",0.040792597324144225
"8806_1",0.035455958041177266
"275_10",0.9778749417330937
"2246_1",0.03859761716022915
"11968_2",0.03563125093098687
"2528_1",0.15599075680963925
"8491_8",0.14884209847372168
"13_1",0.13830794387480955
"4530_8",0.9150973829289922
"5207_3",0.03675542773488307
"11648_10",0.9831905520589664
"8260_1",0.0437053308854088
"10730_10",0.924763540008259
"10402_3",0.1893335113489057
"8077_1",0.03472126316043112
"8598_8",0.9570876191501524
"2809_3",0.03550117980657268
"12490_10",0.9882960297803915
"1447_9",0.9869052490371789
"1605_3",0.06771315455115068
"2311_4",0.03802815680604097
"3235_9",0.9663711722311583
"5725_10",0.9658580720976934
"9025_10",0.9881745319905433
"6049_9",0.9677084304606199
"4803_10",0.9924830304554861
"191_9",0.9912886961630607
"420_3",0.8248571511249089
"5238_2",0.04091401549317306
"1280_9",0.9858441967807947
"9408_4",0.1071612309024573
"819_1",0.03460176380179296
"1656_4",0.03791801138968622
"9964_3",0.07921157250852234
"10404_4",0.16434111142881233
"12369_10",0.9804129300482028
"6423_1",0.03939599525165175
"9942_8",0.7613574813279843
"1519_1",0.04571610724208295
"100_10",0.983064433863845
"3216_10",0.9336135074002745
"3909_10",0.954508996041815
"5034_7",0.988560787933108
"14_8",0.9889449513884889
"5891_3",0.04227432256904611
"8496_10",0.990972834043472
"7429_1",0.03696982702495492
"9457_1",0.038266486806352765
"9602_8",0.9742891503273489
"4198_1",0.03549094891821722
"154_2",0.04573499256365118
"5070_2",0.03715554991407125
"4207_8",0.9644486112680957
"7758_8",0.9732348378562985
"4439_9",0.9865872166593024
"12042_1",0.03447851066495189
"7244_1",0.038824726238265495
"6854_1",0.04073716582963955
"11932_10",0.9710146539632666
"4151_10",0.9712467823598011
"7265_1",0.03971288979655951
"10272_7",0.9868159887289342
"4256_4",0.04852198524584202
"1225_7",0.903844433935383
"956_10",0.9898932265705145
"6389_2",0.03978347882249159
"1365_4",0.03733618895184644
"4752_7",0.9318545068075611
"276_10",0.9879462819193785
"8766_9",0.8136664733499525
"11225_10",0.9800903438642581
"6920_1",0.03536423709150352
"11536_1",0.034418134136738304
"1923_9",0.9778492715406718
"11460_10",0.8925904362215193
"10054_7",0.9706142858451026
"10845_1",0.03504543217091765
"10231_4",0.7628718393137617
"9430_8",0.9725864247066618
"3226_2",0.0366393285368065
"4298_3",0.07986742337214382
"10635_4",0.04432533523904063
"10567_4",0.038293705717120124
"5460_10",0.9877750908217304
"7310_7",0.8952101361256141
"10330_2",0.034821734428129275
"5151_9",0.9847576067195886
"11_3",0.8630993792166435
"1448_8",0.9337826966817456
"10130_8",0.9841088708556075
"2199_3",0.04030554671916446
"1761_10",0.9644652574880889
"2782_1",0.03662686267120333
"7618_10",0.9896814701565076
"85_10",0.9833368770838948
"5730_3",0.04577596422342512
"3641_1",0.06768383880181872
"8190_9",0.9905778304037098
"9533_10",0.9901604993335933
"9508_1",0.037872206334479734
"237_8",0.9904708211766893
"3981_7",0.71921540884219
"7194_9",0.9686629101119809
"10584_8",0.8672574114775228
"248_2",0.035609554195935526
"8358_4",0.0434758917832128
"1218_1",0.03456522751916532
"4191_10",0.05327582836857119
"3090_8",0.9691034963947447
"11923_2",0.040676812617058467
"1640_8",0.9547085410363271
"9972_3",0.04747602707365607
"11818_4",0.16056530406876018
"4350_10",0.9875417833697538
"877_10",0.9369490855102457
"10017_8",0.9586434454430977
"7975_10",0.9896603639047816
"8436_1",0.05080219559190137
"6024_7",0.9499727585078639
"3112_1",0.03827250612112043
"951_10",0.9847921941564179
"1622_1",0.03588519910058374
"191_3",0.20462119388120292
"5669_1",0.03654050974122739
"1891_4",0.04543577496802752
"12173_9",0.9595613592159095
"7887_7",0.9046823528257579
"3256_10",0.7325023511130397
"5419_1",0.03616612340561887
"7635_1",0.039361735146535126
"8297_2",0.06609788484408352
"7137_8",0.9541144832970342
"7562_3",0.08457148445889237
"9944_1",0.03437485225658872
"4288_1",0.03411562366027167
"8087_1",0.8369965160674636
"4771_10",0.9662887900562188
"10482_10",0.856468415112412
"5324_10",0.988268349952815
"3080_1",0.050998963935798405
"10923_7",0.2390551016254117
"1753_7",0.9838347704895898
"317_10",0.98240045423625
"12474_8",0.9587886803708183
"773_8",0.9841851038756584
"388_1",0.04886267001775482
"12141_2",0.06763804764066968
"5667_1",0.6426729799538324
"1071_9",0.9877191237596443
"2897_10",0.9739085370341637
"9481_4",0.8730188552637252
"12025_1",0.03465945458070789
"8879_7",0.8835099025801151
"5683_1",0.04208070652005351
"7026_1",0.036278997493303725
"2439_1",0.08022164435846037
"3631_7",0.9399418299310988
"1650_9",0.634096141808433
"5378_7",0.9917804956775242
"9745_1",0.034269895600808245
"11563_8",0.8941391501339484
"299_8",0.989616493630097
"9471_2",0.11574262098092628
"1866_1",0.039494742530062917
"2639_4",0.12233659980011707
"5122_1",0.04156498256206014
"12341_7",0.2830494455961474
"2936_8",0.979232654717551
"8647_10",0.9589717528585053
"4255_9",0.9783347316235036
"7262_8",0.24984924280054932
"8413_10",0.9276076271904867
"10080_1",0.03741537137464835
"3973_1",0.3665256868379248
"8752_9",0.9906866084901804
"4018_2",0.08650174538328995
"7669_1",0.03547745042951055
"10421_4",0.03498153016959872
"7854_8",0.9854481861655933
"162_8",0.05365019399151675
"11614_9",0.9840659985177506
"11343_8",0.9798443790143683
"1708_7",0.05517506442334102
"7115_4",0.16161449178002116
"10498_10",0.19712658094536684
"2944_8",0.9851515731020274
"10474_3",0.05856609759599263
"1263_1",0.03843597420852583
"1693_4",0.7118619841131764
"9600_9",0.28527544765477963
"11173_2",0.06917713826719869
"3961_2",0.09940526115187895
"8011_1",0.09717255918381901
"7386_8",0.9472670348670633
"8787_8",0.9254909480598239
"12349_9",0.9541432323324028
"1776_4",0.05090261292004912
"5885_4",0.9513842945290385
"220_4",0.04419738493126593
"5547_8",0.9719793345791472
"2853_1",0.03895450176661104
"2157_2",0.03858292549846223
"11667_2",0.11429681468477265
"194_7",0.9633293028335109
"1633_1",0.03485941555010152
"6897_2",0.03719046964212613
"11568_2",0.046719772600009
"9219_1",0.04008675017598424
"477_8",0.9770080396707874
"8980_3",0.9142386109567635
"4612_10",0.934879927027775
"8030_10",0.9898909292478025
"1846_8",0.9933416976452137
"2786_8",0.9763247461236613
"2634_1",0.03769007221191715
"3110_8",0.969603530784123
"11587_8",0.955273426296094
"11262_8",0.9443021723228506
"5680_7",0.24414205975429454
"4583_4",0.07159887745820027
"1451_1",0.03589705224508738
"4244_4",0.03626899861795771
"6176_4",0.035322797852613115
"8851_10",0.985096618081425
"908_9",0.9897467309160933
"7494_9",0.16610191780582972
"8061_3",0.06375096042574464
"789_1",0.06259526817947936
"2374_7",0.9520911110698858
"11225_3",0.03563906669280895
"4467_4",0.053907276875674356
"8516_10",0.13187760226723386
"4121_10",0.9844828012341971
"10267_7",0.2545513083476365
"6040_8",0.8490029014670519
"8338_7",0.9618653991604322
"2903_7",0.9887870709049781
"6662_9",0.988956150013973
"5333_10",0.9665714361780833
"7470_4",0.0387527474985348
"8813_1",0.0781585808621385
"4514_3",0.8878680796170914
"9584_7",0.06040622888409418
"11706_8",0.9874245265317173
"11538_8",0.9242201340248168
"4210_1",0.02980682532066711
"8984_1",0.03839459752750976
"3431_4",0.03746064168132037
"4973_10",0.9850061687056224
"12260_1",0.03784058073214167
"4267_10",0.9825102062266547
"9906_9",0.9867768822056954
"670_7",0.9843328055646162
"6270_3",0.035457734182881846
"5164_4",0.05751788463411894
"9741_2",0.0490932021970621
"3761_8",0.9142740849306663
"2651_2",0.07330790146338423
"7448_10",0.9878755534179502
"7184_9",0.979685146654549
"1313_9",0.9386136489783468
"10654_8",0.9857646804059567
"7151_1",0.03577136026917968
"2320_10",0.975058278424792
"12033_7",0.8913783558850775
"6429_1",0.03327156924973055
"1420_4",0.9435351078222803
"3002_7",0.6945064786805862
"1299_1",0.03927732704785651
"7897_9",0.9840698627534472
"1529_4",0.03850378658188245
"9760_2",0.03976698111663345
"11318_1",0.038747386847584206
"2217_3",0.07009221431718589
"11641_2",0.04192398415163771
"7238_10",0.9904604993415284
"7710_8",0.9612232418604287
"12011_8",0.9560715849359004
"4495_7",0.9828726671441431
"11144_4",0.13346103232741335
"5625_2",0.037961014136172574
"2926_7",0.8603960040850056
"8538_8",0.9568530426329951
"8875_10",0.9551799920681148
"10881_10",0.9753238995623226
"1662_7",0.9624865727316598
"4560_9",0.9030356782745217
"6714_4",0.040212077191549137
"9059_10",0.9846071343789421
"6631_10",0.9751522545682919
"8520_1",0.03497393129272028
"918_4",0.24706483801060225
"3102_10",0.9247456882502836
"3611_2",0.037310608134367
"8434_10",0.9887191173668022
"681_7",0.986667719376205
"7386_4",0.03883662650515423
"7566_9",0.10808116871093937
"10110_10",0.9693117730881837
"10486_10",0.9852380274158653
"1492_3",0.07655827888717077
"11823_1",0.037897951957096346
"2331_9",0.9842242326379876
"2200_2",0.039148898913750195
"9547_1",0.0321366521178618
"785_2",0.034811338632889426
"5101_4",0.06275749097998515
"5657_10",0.8824071791725137
"6902_7",0.9087488980498885
"1490_9",0.954253856396703
"7148_9",0.9775396647802801
"7387_8",0.8576676574784288
"8277_9",0.9834503336687243
"6912_7",0.9732315791849523
"170_2",0.2500984463306374
"7702_10",0.9917596804918182
"4393_3",0.03575087749982653
"2608_3",0.1357292182298707
"4931_8",0.9889557544109511
"10589_10",0.971997457163335
"8623_4",0.035994880696280075
"6057_2",0.04054881373057366
"2704_9",0.9860536980502881
"1790_2",0.07351810687189936
"12370_1",0.03419084680217273
"159_1",0.035135701702845155
"343_9",0.9911155956560266
"2128_9",0.9878761420579352
"11181_8",0.9849274928905761
"11775_10",0.981745550368168
"3514_10",0.9812788129689283
"6993_2",0.036129955804386264
"2866_9",0.7328857975109345
"1000_9",0.9768495439628083
"11772_7",0.1276049931882763
"3355_9",0.062284513697933516
"8519_8",0.7914465951202173
"7879_3",0.11868088358045652
"4332_10",0.9740852043499383
"5403_1",0.036518421502140845
"1514_7",0.05747385254660315
"7904_1",0.037550165250307944
"10550_2",0.7894306220447541
"11442_10",0.9799007446057629
"2821_3",0.03702407613861945
"5766_1",0.0340927292791943
"8061_9",0.9880052596857393
"2166_1",0.0391700201188515
"6206_1",0.03932627736198547
"11124_2",0.03722563948656866
"7625_10",0.8039767850189893
"90_9",0.9519945709281237
"7959_10",0.9782070193073051
"7029_10",0.9662497701476723
"779_8",0.9902085807352902
"1101_4",0.04395403680121099
"11189_4",0.039370180514993046
"9790_4",0.03878869258805474
"10861_1",0.04863802054717525
"5902_2",0.039744669462067964
"9545_10",0.9049059017413017
"3730_1",0.03225357999983778
"4951_9",0.9536767809547598
"3295_1",0.04146315158206363
"9495_2",0.16228395876424637
"2876_1",0.8319078203116153
"2796_1",0.0395053227915606
"10338_3",0.13770124788094484
"10913_7",0.07769232911892704
"4685_2",0.035138536101749156
"11586_1",0.03984609339827324
"4904_7",0.11725548642015247
"7110_7",0.8511098136551354
"2086_4",0.06458372356093726
"7372_7",0.8392577777593692
"135_9",0.9770917005243746
"7038_3",0.870148507384609
"1119_2",0.037914550845462205
"5057_8",0.271758214716024
"3479_10",0.9901337329052807
"6489_8",0.9927537860824367
"4910_8",0.979696811161052
"5979_10",0.9223182126436383
"11304_1",0.034898730070538626
"2102_9",0.9887241120248051
"8048_1",0.036799816969135424
"12153_7",0.9577118512647015
"4832_8",0.9774408234300709
"3079_9",0.9899310553238005
"8254_2",0.03973324019406002
"7981_7",0.97144596840945
"611_1",0.14985252876747673
"307_10",0.9585450760847716
"8861_3",0.0396154689868153
"4635_4",0.22960466095853932
"6197_7",0.9811833875419002
"6739_3",0.20267773896505342
"8588_9",0.9848012341295844
"8461_7",0.25408225908193127
"10089_1",0.06250426691450386
"2609_7",0.8620849378689057
"1418_3",0.9080480673114584
"2661_10",0.9774629456861366
"1253_9",0.9785680773403954
"8815_9",0.9764147879002175
"9867_8",0.9851858540594681
"2155_1",0.03904694365281397
"12259_4",0.03863380335254705
"11224_3",0.070479790432689
"4781_1",0.03538104380893923
"4354_9",0.9898891833712175
"9629_9",0.9711159051274002
"3629_9",0.9838556367001656
"6445_10",0.990324402085228
"9526_10",0.9869577967945977
"5138_2",0.04076817454707295
"349_10",0.986120424926543
"2099_7",0.9249419501641216
"4411_1",0.09407552948900037
"8127_3",0.0356569323611174
"5225_8",0.9035772935858462
"7970_3",0.06553459233449009
"5688_7",0.8816556699703338
"12099_3",0.08888972257668476
"6020_4",0.05105428589582866
"3892_8",0.9326375093144766
"2098_8",0.9417095623647366
"4851_7",0.9883139232375665
"10967_10",0.9283769218101269
"6230_4",0.08371533147970724
"2211_2",0.03632567639029022
"11978_10",0.9625236010826611
"8802_1",0.0417778943357024
"11010_3",0.03862505977467493
"10083_2",0.2618660844004931
"5588_10",0.7467363800342228
"958_10",0.94497795791052
"6771_4",0.06844156206069017
"6767_9",0.9708375572438264
"7302_10",0.9794766515730501
"5324_3",0.03729247705402331
"7737_10",0.9875052246073404
"8603_10",0.9811079685882829
"3029_7",0.9902111296178404
"8640_2",0.03886745926215718
"2139_1",0.03506117813194218
"6305_10",0.9889113940176439
"6884_7",0.984367211982571
"5534_8",0.9125560142437514
"7619_8",0.9868374356184022
"10057_8",0.8686472163200797
"972_7",0.9871604025040626
"6245_8",0.9451485501587462
"6627_7",0.9898728059066942
"3621_10",0.19329143205037247
"2290_4",0.9013076730035119
"24_4",0.09369375574828344
"5689_1",0.034936454840892535
"6497_4",0.08794311318212031
"12405_4",0.9283835516694672
"11720_7",0.9896356211601496
"10088_1",0.036151805805756256
"9258_9",0.9906788525187545
"354_4",0.8925799107720741
"4770_10",0.9594697096625673
"1035_3",0.07157511096329262
"739_1",0.03487456178500136
"6267_7",0.9868323356496238
"1562_8",0.9833034216930867
"1438_1",0.038415376186826174
"281_8",0.9886276922822499
"1818_1",0.6800971208388049
"3943_3",0.051107108591447875
"8116_4",0.7983443687234877
"6984_1",0.0388975775462949
"5330_4",0.0360692293920482
"8821_8",0.9894057420301304
"10484_10",0.9890448101496973
"1886_4",0.04096181365049289
"7943_2",0.13698761320944947
"6438_7",0.9860515729046445
"8931_10",0.9234855692607842
"10538_10",0.9380381140993083
"534_10",0.9887411745401804
"7329_2",0.03696133819829147
"6614_2",0.8388926346007379
"710_10",0.9716630666191072
"3120_4",0.06669728902677732
"9046_1",0.03794715917388316
"5638_2",0.05713489509771847
"2455_4",0.0421373895220917
"2652_3",0.04000891649263527
"11006_4",0.12180070291127244
"5065_3",0.0371731023317815
"9805_10",0.9864188176326272
"7092_8",0.9793150485713558
"1735_10",0.8951338251671086
"3609_1",0.03560320756522349
"1201_10",0.9869902041962209
"11024_9",0.9871041560271503
"3807_10",0.9786793127117253
"4483_10",0.8739283366883583
"4510_7",0.9765179401319217
"8037_1",0.04919049052253839
"1760_1",0.04582803507608283
"133_8",0.9636199285448317
"9039_8",0.9857386426209651
"8462_4",0.83290540812499
"2468_10",0.9848289559102265
"7684_3",0.03779934350297546
"10350_9",0.9873991937842033
"1199_10",0.9927426085192879
"8560_1",0.03568852165299857
"6405_3",0.035635151438817146
"1295_1",0.03757260896462016
"6420_1",0.03797525785610284
"12183_9",0.9762320358588416
"11619_1",0.035636002756400026
"1415_9",0.9684867716305222
"9414_1",0.03648400073361275
"7640_4",0.043114308540287145
"9211_9",0.9695324019094104
"557_9",0.9515068316289874
"4501_9",0.9787733578954929
"8711_10",0.17544985942998134
"2402_1",0.77913534866737
"4586_10",0.9781762869523093
"176_3",0.04461491365650174
"3545_1",0.03623271945490983
"8932_1",0.025034732256654382
"5829_10",0.8611093032708655
"3409_10",0.9913199876515465
"3636_3",0.14975851002206259
"12048_7",0.9846576928951146
"10468_10",0.9876526400545964
"11546_10",0.9744650520671161
"9444_10",0.9848753027567887
"6275_1",0.037721293208801535
"152_4",0.9042115526832619
"4767_9",0.9160165294856941
"6751_1",0.03555155422500902
"10245_4",0.05014500984672688
"5407_8",0.9678909944574754
"1923_1",0.03617102934065927
"515_9",0.7866406231521499
"9988_1",0.06934161349247064
"5928_8",0.9877630056747017
"10163_4",0.14208389256378712
"7969_10",0.9727136206242405
"1494_4",0.04405755190222562
"11211_10",0.9818126094447786
"1957_1",0.03541077108327949
"8484_7",0.15366241322863056
"848_2",0.035117702682180174
"5177_1",0.04935330660947641
"10667_10",0.959015566659083
"3075_1",0.038245774309197345
"9443_10",0.162670243525147
"1572_8",0.9710642970813536
"11285_8",0.11887938934601133
"3125_1",0.23198783843666076
"9265_9",0.9793297649328587
"4072_1",0.04612808539097329
"6390_2",0.059436510132487394
"6496_4",0.2181416880392275
"8766_2",0.03428330717164949
"7787_10",0.980239976670961
"5897_10",0.9911228107180984
"9027_1",0.04126791358106092
"1538_2",0.035721886175737974
"1220_3",0.035943450158510366
"8600_3",0.05596060799137166
"11432_2",0.043414267140217386
"1424_4",0.07112028738627048
"7344_10",0.978681438496229
"10842_1",0.04392710866782527
"10332_10",0.9813534763064631
"4340_4",0.07439882933332065
"4868_4",0.04114703959634619
"11216_9",0.9726296290474612
"12027_10",0.8885243246236807
"6785_7",0.9544948690688064
"8773_8",0.9876338871566909
"8119_4",0.08730387275215304
"10138_10",0.9579992483772934
"7197_2",0.03597890195523871
"1536_3",0.03692282075145811
"9981_7",0.9235971263318579
"4753_1",0.09449025386557139
"2795_7",0.03597169366494174
"6672_4",0.11960662178766851
"10805_7",0.8714700969089261
"5866_1",0.034446261866223175
"570_1",0.03409802070772927
"11965_8",0.9305850174066068
"3288_1",0.06535484491340783
"8135_1",0.05059850759048043
"10094_9",0.9834557453051274
"5845_10",0.9857019914370946
"3570_8",0.7750136774169764
"1240_1",0.03960190775201278
"231_1",0.037619891707210244
"10628_9",0.9315180592393848
"3536_1",0.036519157079932855
"1852_10",0.9773224652463188
"8202_7",0.9454134805569312
"5907_7",0.9073929415970542
"1759_10",0.9797643554821447
"4492_10",0.9852538905121692
"4844_7",0.15128388889055058
"3189_10",0.9714657182550515
"3403_10",0.9735370419251219
"5874_2",0.03694222923779176
"7809_10",0.9816104429888071
"3632_9",0.9844346279152535
"11767_2",0.9762134254500736
"9925_3",0.8896633804948015
"4218_1",0.15640728397163742
"12036_7",0.7744853691183748
"8973_2",0.039323478119333274
"2464_10",0.988485968051965
"4094_1",0.04141040151932196
"10592_1",0.0395221445463628
"10648_9",0.9778528875989576
"3887_10",0.9829430149859704
"9092_8",0.9885291009736243
"10666_10",0.9850694307602308
"8389_10",0.9149643494005448
"5281_10",0.9886296887916022
"6946_1",0.03748836947569578
"1132_1",0.0420841197112795
"10052_4",0.03609964517324678
"768_10",0.9937194113764831
"5432_3",0.06275625421414709
"7424_3",0.034373597903679824
"2366_2",0.18964049142602102
"2865_3",0.0431215858390504
"7806_2",0.036950048252993035
"8878_3",0.0383849210347348
"6298_7",0.9892210347836363
"4517_4",0.07103048632613905
"12018_10",0.9706480294242439
"3662_1",0.03329553137306658
"11393_10",0.975503977363796
"2071_10",0.9631075621486661
"8217_8",0.9865834933648849
"6568_2",0.04373084147519178
"3840_10",0.9870229659771118
"1666_3",0.10590650795358388
"2360_7",0.9662044479811094
"5778_4",0.1941624750423016
"5341_4",0.060948312619148806
"4044_2",0.03723251526574639
"2503_3",0.15651747858396714
"4095_10",0.9741710906393407
"2092_2",0.03692460111147974
"2707_3",0.036433769867585286
"573_10",0.9745637165653995
"6441_7",0.978725636926296
"7565_3",0.041236362886046776
"9499_7",0.9149744446167863
"657_10",0.990766034640365
"8840_10",0.9798713043476692
"1407_4",0.14706794261177986
"12453_2",0.055203951315708065
"8273_9",0.9772359720731025
"8366_7",0.9717618640734821
"10643_9",0.8221420625244921
"9998_1",0.04174841390050143
"1385_1",0.0392922968044007
"1354_4",0.04660094167685709
"4674_7",0.9447365286068419
"3515_4",0.11089007041985194
"10426_8",0.9565739116405345
"10226_3",0.71134121937713
"10391_4",0.03849582906798317
"9968_1",0.03624623498484858
"2893_3",0.03993474001314019
"2546_9",0.06942382239300525
"37_1",0.03511640774956094
"1757_10",0.9851648379419222
"1569_8",0.9837255750490423
"1466_3",0.08235663612587751
"7783_1",0.035271330763459854
"9506_10",0.839443937077832
"10835_3",0.03602920124542363
"2917_9",0.9797002004595765
"2495_7",0.9844617258062974
"1686_10",0.9890551581498811
"2414_7",0.8020130353492898
"5318_8",0.9894358492828528
"8858_8",0.9802280118541666
"8112_1",0.0365441018461998
"6532_2",0.03641822023186235
"2526_10",0.9771623848051356
"11089_7",0.9817633573645901
"4297_8",0.8422543068110432
"3179_9",0.9823161737764983
"5832_10",0.9864884088348235
"10539_8",0.9523619218906456
"9226_10",0.8689746065804234
"9878_1",0.7367595181727328
"7940_10",0.9905418134414736
"7195_10",0.9847246744586771
"2979_1",0.06146289325273155
"3597_10",0.9896295957708356
"2931_8",0.9423706276406226
"8571_10",0.14431215541175207
"12148_1",0.024269111098987748
"4047_2",0.030848264757771998
"6164_10",0.987944090741814
"2214_8",0.9884527258293021
"5903_1",0.06103975839832109
"7931_9",0.9107868746107655
"1205_3",0.08167029329574414
"5983_10",0.9895825719346937
"10424_7",0.9059158187215409
"11032_7",0.9660924026875859
"1303_10",0.9831499265523711
"10390_1",0.038788725823899736
"8349_2",0.11052259619787527
"3605_8",0.9522891201579331
"12273_1",0.035872920850879814
"60_1",0.04495229520201325
"3879_9",0.9399422551140727
"12431_4",0.07801031935801965
"4499_2",0.048742557638268694
"5786_10",0.8986826030428146
"5521_4",0.9709370444781276
"793_8",0.9145733220017871
"7948_3",0.05122052708104949
"9022_2",0.045232445173296755
"11071_1",0.04677124805021744
"4991_3",0.09255718993936288
"8226_1",0.03616809772736612
"8762_3",0.06451729507155787
"6918_4",0.8867083867631496
"844_10",0.950182052307768
"11503_8",0.1664397900185465
"7406_8",0.9762015246413875
"7743_1",0.038959861444657115
"514_3",0.038028478307462824
"10927_9",0.9677682388217204
"3731_7",0.9904265410335267
"8870_4",0.8447105308998974
"11099_10",0.9899904121944435
"8456_10",0.9707521631667294
"10944_7",0.04043182655455357
"7168_3",0.04262156201740288
"3378_10",0.884657141427716
"8203_3",0.22006899769064214
"5676_1",0.041876858549627756
"5061_9",0.9857338152366996
"6238_8",0.9349633564895001
"1136_8",0.9267156840367352
"6234_3",0.03960283844996038
"9510_3",0.9767604268507717
"9632_7",0.15573098574551628
"4357_1",0.17884271652896688
"1176_9",0.9853503793721698
"10821_8",0.9894041513839558
"4143_4",0.11482126706020193
"5074_8",0.9195067053086766
"11673_1",0.03555933661393279
"11072_2",0.03541299271126398
"1816_4",0.11018200667493994
"3974_7",0.9029838642365213
"796_4",0.036992875521819346
"8540_2",0.05524825803629583
"10959_8",0.9681707076664704
"4576_10",0.9099131931238699
"7030_1",0.07217772291306945
"3340_10",0.9617234820878529
"3223_3",0.041737463765684504
"3030_1",0.049762468448847214
"4194_1",0.03667472202568323
"11322_1",0.03600675705773644
"1785_1",0.036990311081188346
"7109_2",0.03534697950420019
"4120_1",0.03891382572953042
"3024_7",0.9752949530905234
"589_2",0.04134953590576965
"2480_10",0.9149254940623064
"4878_1",0.05372828610350039
"571_1",0.0785724678090506
"12156_8",0.98379430165989
"7547_9",0.981050363311844
"6577_10",0.9897301081479811
"7101_3",0.06523632829589004
"1731_3",0.7208280837154355
"10424_1",0.04618502455660927
"9056_10",0.9890992238487439
"11959_3",0.0357089795506941
"6952_4",0.04054418630408189
"8709_10",0.9872300065310714
"4716_10",0.9878268780673598
"2393_10",0.9882011940470254
"4007_7",0.8616708643579702
"1196_2",0.06063424497292416
"8483_1",0.035921164397252264
"1840_3",0.12348700938961103
"6108_1",0.041035421758797236
"4621_8",0.9730802413111099
"11332_4",0.9642286956481547
"8800_10",0.9884655302592283
"886_7",0.9916763035800239
"6495_8",0.8220462017876216
"6193_10",0.8148901590112094
"10297_1",0.03496972753598671
"4233_1",0.03876676209943818
"3121_10",0.9125994091481664
"1681_10",0.8698945381066089
"5789_1",0.040018730968273235
"6446_10",0.9854532211992687
"479_9",0.9848591584067167
"6401_1",0.0346276851153884
"7602_1",0.035603341610620176
"10792_1",0.0538468301870498
"11436_9",0.9861679810714492
"6944_1",0.06592925660993758
"6275_9",0.04107817340669164
"7314_10",0.9889203553997361
"8887_9",0.9148732083161799
"1835_8",0.9869026428679735
"8403_7",0.9317947391937854
"2090_1",0.03831388226477634
"12310_1",0.09215624067558136
"9795_9",0.9868322289446979
"4260_1",0.036113670673372025
"3214_4",0.070339765575802
"10974_8",0.9197487365879724
"3374_10",0.08066863159695434
"2251_2",0.03808217826521428
"2325_7",0.9635460462870375
"28_9",0.9461400142723095
"1758_2",0.04778237584274273
"1222_8",0.9789582081837901
"1229_4",0.04301599702407507
"9791_2",0.8996882545524625
"3433_4",0.04011464889289733
"10847_10",0.9894811544123755
"5020_2",0.03486539172724807
"9652_3",0.03487686309019947
"1739_10",0.9721076628101973
"10441_4",0.9660588799248624
"9002_7",0.9813419000679501
"4304_8",0.9712333656897829
"290_9",0.9765642774761254
"1339_8",0.9763266867956143
"10899_1",0.03746855763893988
"8723_8",0.941259224844262
"12487_7",0.8854802517409384
"10384_7",0.7776661374888179
"4673_4",0.036441312162064865
"11679_1",0.03814315600956548
"3938_2",0.05983626335409003
"2253_10",0.968997170901188
"198_7",0.9733491452749772
"3346_3",0.061348813393014213
"11543_3",0.035632131521527464
"8463_1",0.03558759791194588
"1297_2",0.03530054385063081
"4689_1",0.026065841553473214
"4681_1",0.035290824572663304
"961_8",0.9879521395679706
"9865_2",0.26373306050864065
"770_3",0.04694648340343546
"10495_2",0.04406848225156529
"6302_8",0.9675728330683151
"6232_4",0.07633160905002394
"10098_1",0.05657326014533677
"8905_2",0.03564900919326982
"8853_10",0.982231384529191
"6081_10",0.990183815287226
"12_4",0.09594009662906072
"1291_7",0.9691838114270381
"1679_1",0.04632754455563231
"996_7",0.9254442029624576
"3343_10",0.9833514611981635
"6083_10",0.9931042139021375
"98_9",0.8817087784251552
"962_4",0.0448492097921604
"4857_8",0.9812873152116134
"12394_7",0.16767566662344544
"1321_10",0.9879825458913212
"8994_10",0.9712484564488713
"7788_1",0.12774151090060903
"9708_8",0.9664956211764808
"9523_1",0.05665104021138202
"11785_4",0.0453730275312286
"5440_1",0.04168541348378358
"1091_7",0.8848316300710806
"11584_10",0.9891060633282938
"5369_3",0.09089343222326085
"3165_10",0.9184750699352907
"3686_10",0.9479472013070507
"7069_10",0.8887949647720992
"427_3",0.04606318824741872
"895_8",0.8345530975014126
"4565_8",0.9502716720881711
"5139_9",0.9670432548063098
"5027_1",0.03459033912986818
"503_9",0.9784419042711664
"7630_1",0.034574498940427426
"8552_1",0.22085648205188058
"4322_3",0.04084974625913998
"3492_3",0.9420307484135417
"5301_4",0.050113370901813725
"752_4",0.04267306248773336
"4307_2",0.03788343472377414
"4901_10",0.9666485664780075
"233_2",0.05760203644920824
"10789_8",0.963260493831488
"270_8",0.9684546208501471
"11442_1",0.09345191282280749
"3688_7",0.9387354476761282
"9928_7",0.8842797449541852
"6563_8",0.9843180131833763
"3437_7",0.9172747296990085
"10495_8",0.9855607408717473
"8775_10",0.9884543120519274
"12172_3",0.04008835969327266
"10085_10",0.9727019387575858
"8394_9",0.25478848712705904
"2607_10",0.9614841402135261
"6645_10",0.9661454149455703
"301_10",0.9858018136165877
"2153_10",0.9867827507832444
"1967_3",0.0379271458365836
"9604_10",0.9751842190341302
"10665_10",0.24382806643801805
"5409_1",0.03736753347596957
"6707_10",0.9887947435427777
"3847_7",0.8430698253032539
"9261_10",0.9868828523801285
"3772_1",0.03639508758513867
"8950_1",0.0907950105505021
"6591_2",0.11190870855549725
"2765_9",0.18266439110489757
"4166_10",0.7906983895353361
"11418_3",0.05152500804495935
"7137_3",0.03799415646066236
"3710_2",0.034660227258018685
"1153_4",0.18318630200857086
"4155_8",0.817523508039088
"9221_10",0.21679767528046084
"8917_10",0.956384436255653
"6066_4",0.7995365254490981
"5366_10",0.9892231298967878
"2520_9",0.9795943815507828
"11677_2",0.05450439286548778
"4032_2",0.03424334380152444
"4041_2",0.03474412781406988
"474_4",0.03964522840467293
"6392_2",0.04308021917803202
"6545_10",0.9835259684411646
"5009_10",0.8748748496678325
"3060_10",0.9751143441612024
"11033_10",0.9834976593988581
"297_10",0.9848788909504429
"9099_1",0.042120081850581644
"10496_10",0.9271516618921611
"5619_3",0.15038253529594828
"4226_1",0.039803910456774345
"10483_8",0.9835069249284809
"1966_9",0.9892552435128628
"4024_2",0.03543485389983437
"6448_9",0.9870765294021381
"4252_1",0.034369444446846545
"250_10",0.9835959434295292
"10753_3",0.11189474444734286
"1005_7",0.9020828618467843
"4415_9",0.9794810416217847
"240_4",0.9836955340226736
"108_10",0.9837367022187382
"1393_1",0.1315758479006173
"4236_2",0.13900897549635344
"9208_2",0.038054959364785694
"7156_10",0.9819507366606629
"6490_1",0.0382941139397071
"3518_3",0.039050019686526605
"10308_1",0.03566563799505949
"8706_2",0.06505844254335845
"8674_10",0.9712680903291284
"8240_10",0.9682227698946744
"11890_10",0.9728325747460518
"976_3",0.09267176349655507
"5025_8",0.9866251225218834
"10206_8",0.9885775131890087
"11921_3",0.044664263080964994
"8344_7",0.15876337960214346
"295_8",0.8302821058164689
"2121_1",0.04106606739371443
"6978_8",0.9685409327476333
"707_3",0.042098631137877554
"751_1",0.03501898717858017
"1931_10",0.9863706574373055
"7197_10",0.966633818059285
"11032_3",0.0364298073535679
"416_10",0.9225864979826269
"1384_2",0.057938832174420384
"4114_2",0.10236364124084285
"9450_10",0.9836260929585988
"6877_7",0.9764647641084703
"5092_9",0.989082085505559
"3402_9",0.9099928191046007
"9517_10",0.9871523988958237
"8566_2",0.03436282611129791
"4493_1",0.03375711256821962
"842_1",0.044585114856519795
"4926_1",0.03885671875967019
"3398_9",0.9919734454058292
"8857_10",0.9445353605014084
"3696_9",0.9833483267091789
"1952_1",0.05317375274855933
"5516_3",0.13373669464932608
"3297_10",0.9785938677460918
"8396_2",0.03691624699854021
"1928_4",0.06143808774824246
"7216_10",0.98892081327881
"1648_3",0.03653790364952258
"9312_8",0.9788413256162809
"4392_2",0.035768855610625004
"4740_9",0.10213476789016442
"2985_4",0.03376819088475286
"6407_10",0.7077106861778368
"4015_1",0.06372068938343657
"911_10",0.988338720314612
"7898_1",0.03779104488038378
"5241_10",0.9790237133237807
"4955_4",0.05670098818044658
"4199_1",0.036541149369704484
"8319_4",0.9376526175073725
"6340_1",0.04982068541883282
"2003_1",0.03812282173715207
"11213_3",0.824910156012998
"5109_4",0.06887758107191647
"9400_1",0.22504237759106308
"10719_7",0.19549807955918042
"6848_8",0.9460994761170335
"11398_1",0.1556193386049417
"2606_7",0.9008861418591703
"5646_1",0.03917903696311699
"4103_10",0.7924473875783093
"8906_9",0.980300821163868
"6997_10",0.966056642462466
"9990_1",0.044627478794123696
"6573_1",0.033714106612216285
"8530_10",0.18958850541941472
"8382_9",0.9595079825764273
"4207_2",0.9071759193729924
"8794_10",0.929433081508233
"917_9",0.9774915478360536
"10739_9",0.9918990194051527
"4286_1",0.03795470912158389
"1763_1",0.06757915784809837
"5173_10",0.7924277398965298
"1764_1",0.04161458107437054
"3614_3",0.16651684685413792
"3880_10",0.9041663955998431
"4059_1",0.04035355020780275
"8786_8",0.8675600605048963
"9553_2",0.046406021422678814
"10599_8",0.041982243010812895
"1048_4",0.1945850978155154
"8136_7",0.7711043173972739
"8715_8",0.919909888213355
"7667_7",0.8730938556465931
"5647_2",0.03546898640842637
"6267_1",0.03499435970499075
"12444_10",0.9412335756471961
"7390_10",0.9239961576616152
"7260_7",0.9781418275268854
"6170_10",0.9878356570275411
"2181_2",0.07120412437778205
"6196_7",0.9685503102220271
"12058_9",0.22738193693825962
"8915_7",0.925394043737358
"6816_10",0.9862995739385227
"730_9",0.9683693229182546
"5808_10",0.9851221162818075
"6256_2",0.034572989625914326
"5157_4",0.11557983305741444
"7970_10",0.9721618040920982
"6991_7",0.9821884385442766
"7112_4",0.18624031253846796
"12136_4",0.1930989015185925
"1554_8",0.8533643735710316
"8289_4",0.06140141195745391
"12452_8",0.9838131864159356
"6181_8",0.9651311015889609
"6237_8",0.967611429059097
"9724_10",0.9892948996874361
"7991_1",0.03652513650360484
"8185_4",0.042811918929876736
"12162_1",0.03993970470658383
"8330_9",0.963461166197414
"84_3",0.036010923642046444
"4879_4",0.16479947725478591
"1173_7",0.9879585487028057
"11095_2",0.13412827477778144
"9934_8",0.9780107909181627
"10791_9",0.17132199837769788
"5260_10",0.9854612467796763
"3123_3",0.03769335612262194
"7500_1",0.03735890258516811
"9472_8",0.9662116989710594
"6349_9",0.9501108977545267
"8706_8",0.9669885827795536
"12385_4",0.04660955922871095
"12409_4",0.056481680994004434
"809_10",0.9833197068562362
"11380_2",0.05384008038432152
"4975_8",0.9763600412447601
"5069_3",0.04101404223655777
"8132_7",0.9774502918036325
"5628_10",0.987017013250455
"12329_8",0.7666243968886837
"8217_3",0.038378308341219344
"251_2",0.7734009902923465
"2901_7",0.9561478064838704
"4588_1",0.04271515096456387
"2647_10",0.9497572063621705
"6020_9",0.9854142736175695
"7171_3",0.03546335872626867
"5880_10",0.9885500759204371
"4842_9",0.9888188666080917
"10657_10",0.9901097560760121
"11858_7",0.9247700231575595
"4656_4",0.09525492628302096
"9293_10",0.9682513371310948
"10702_10",0.9901809216253004
"6277_10",0.9837173308849715
"7223_10",0.959815519321686
"11150_8",0.9694415777146163
"4768_9",0.9548459714544268
"5703_8",0.9807240468670273
"9249_9",0.904783279902491
"12051_10",0.9836150418265108
"5740_4",0.03968452222112523
"4882_3",0.04547714678336221
"11575_10",0.9788446517096673
"385_1",0.06699779715059542
"1569_3",0.14443944633782613
"7449_1",0.037467629062818086
"1977_4",0.054617444990282676
"6134_7",0.9316809419700894
"2384_8",0.9893323859196071
"2437_10",0.9803130005761755
"643_7",0.9692123654941325
"7334_10",0.9853719791657904
"12228_9",0.9576644269850448
"8579_2",0.03618386285222014
"4093_4",0.034483058980318095
"233_8",0.986584133914468
"11852_7",0.9301324835371212
"11027_4",0.9619654207320477
"5409_7",0.9447946073066923
"9332_10",0.9792672192144769
"6530_9",0.9062639672433466
"7815_1",0.026436472545115417
"8317_10",0.9762920885706708
"5382_9",0.968783409434717
"3183_3",0.9264944974148992
"4997_8",0.9383996106823096
"11553_7",0.9566389642560631
"718_3",0.04202516478693859
"7128_9",0.9834838827602655
"11977_1",0.054524592443654825
"10820_3",0.10281900939435351
"3539_9",0.9810003070595392
"2386_1",0.03553245303970311
"9837_4",0.8992188573863267
"2941_1",0.03693780550718343
"6669_1",0.03520826278339939
"10927_1",0.122934835295503
"57_10",0.986635408919784
"12252_2",0.14445825274178167
"8926_3",0.06664420154506771
"3044_2",0.08262111279483106
"9758_10",0.9858368010987908
"4584_10",0.9880372722013954
"1467_1",0.036618035990886685
"7846_9",0.9877176661706384
"1982_8",0.9770411153913465
"5705_1",0.0343286856499491
"9754_7",0.9812310359257359
"9594_1",0.03523911382250466
"7405_10",0.9895987809596762
"8469_2",0.8453972931141924
"3713_10",0.9935115243706993
"3381_10",0.9538429589735962
"1913_10",0.9374427510648737
"9423_8",0.9025834668203231
"115_9",0.769049451519898
"9784_10",0.8197596028217539
"1148_4",0.06223976426274625
"2911_10",0.9753141240148067
"11328_9",0.9860151915721179
"5087_1",0.07673235881435486
"3983_10",0.10060306866281436
"5216_1",0.04358208362990778
"7961_10",0.9607287370925037
"10134_7",0.9871387800637893
"9379_2",0.0433589234208318
"4715_1",0.03455934113853259
"6501_10",0.9791204178841004
"4146_4",0.03749513935332462
"12159_1",0.041666123373789964
"11661_10",0.9508713639326661
"7995_2",0.05120462238887812
"693_9",0.9825618803472251
"1411_10",0.9891112530792291
"7091_7",0.9180002183581842
"2576_1",0.04137310364868845
"8207_1",0.034160863174463874
"10877_10",0.979248031305034
"5444_10",0.9382615808073131
"9409_1",0.03545418785215229
"10020_1",0.03973913735274252
"2349_8",0.9577016420500286
"4942_10",0.9902889371537487
"2839_1",0.03460663361938506
"9419_1",0.03643092321272809
"10661_1",0.039266000158448326
"5659_10",0.9822346638884615
"639_7",0.9585593127636088
"5946_7",0.8649110081948885
"7231_7",0.9881005034589336
"4220_4",0.9444619158103686
"3698_4",0.16030162937245612
"1060_2",0.04488680430004913
"2398_3",0.038962784351069646
"11073_3",0.04196809543929601
"8336_2",0.03448443383179392
"5975_3",0.12458705588171856
"4727_1",0.039138293735587186
"1596_8",0.9809479771144415
"5471_2",0.04245272559574975
"11204_10",0.9464304982641676
"8810_10",0.257864624129277
"11125_3",0.037072351682202714
"9607_10",0.9818086323171807
"6517_3",0.0388302482290611
"10232_1",0.04013835099009065
"7708_10",0.9911620554891468
"1753_1",0.040021846058532914
"10946_7",0.961289097638279
"668_4",0.049095030559617316
"3794_4",0.9874460123214261
"6867_1",0.8852002588106329
"9428_7",0.9373393280456019
"12366_9",0.9862785137889482
"12056_9",0.9530465956440799
"901_1",0.03437753847732022
"7714_8",0.9509457791707367
"6389_8",0.8411744611788512
"4148_7",0.9599674268453594
"5062_1",0.06235317486565313
"6835_1",0.30957389418403986
"2901_3",0.04725117557929296
"4724_10",0.988451633740777
"764_2",0.7929098468624457
"6729_1",0.035180762205324484
"8284_4",0.0410539007381138
"11928_1",0.03638006044633703
"386_1",0.03422365709675093
"35_9",0.9872813412906892
"4458_4",0.07159167795913682
"9627_2",0.13634784016824567
"8112_9",0.9800689763887859
"6026_8",0.947990679293021
"12188_3",0.10309201337447764
"3477_3",0.04217849524326174
"12242_8",0.9670396744344013
"11594_4",0.04181260455909431
"11360_10",0.9896004091363914
"10299_1",0.027040123552093363
"3829_10",0.9871558719087924
"8324_2",0.036132296113038094
"1285_9",0.9847848622761832
"11370_10",0.9910917612976917
"8051_4",0.03860155613713369
"4420_10",0.9857475893750907
"3843_7",0.9834282200674911
"10520_2",0.052913405895654374
"12146_8",0.9716196597917978
"1502_10",0.8378887913893905
"6227_4",0.03498047400494241
"3191_10",0.8262206592840586
"4569_2",0.03638383552720236
"7647_8",0.1615617837466033
"6372_9",0.9880251276422112
"2105_2",0.05923661399302959
"4180_1",0.03973022168271551
"11212_10",0.9438429246542661
"1811_9",0.9887142160967458
"2868_3",0.04002243850622908
"3773_3",0.035916916821837556
"8386_1",0.040853679716927424
"1072_8",0.9491351924974575
"10588_1",0.15180069767998938
"8858_1",0.034190936139425115
"10831_1",0.1807149508479501
"11926_8",0.8481013290197799
"11521_10",0.9821195065765103
"4037_10",0.9696807257053182
"5119_7",0.975575628339945
"11438_9",0.9911166706597435
"8275_2",0.04092338726053818
"4879_8",0.9835026996822371
"4520_10",0.9864436259016779
"2510_7",0.9830545304720796
"510_2",0.05015446611670925
"1283_1",0.03489241704901389
"3733_8",0.9659867118815045
"7708_1",0.03427024226796195
"12219_1",0.04902590854939138
"11654_4",0.2709974177244623
"3229_7",0.8008451331703426
"3579_8",0.9793646403949273
"1534_4",0.037689594920764714
"7498_10",0.9792920220353317
"11392_10",0.9865704511499425
"2949_1",0.06164694426764571
"407_7",0.925385836702343
"12388_3",0.04116892244416926
"7779_3",0.0433749042552876
"12409_10",0.9656317101441912
"199_8",0.9439467622728276
"9330_1",0.046276018178577315
"6196_2",0.23383862289567767
"1576_2",0.046813013341495124
"12123_4",0.049587032803255014
"871_1",0.07382529588018417
"867_9",0.9789653369958933
"12186_1",0.037838779645423114
"11357_1",0.03449134925133101
"9327_4",0.04333193619941709
"3092_8",0.9719573165759943
"6097_1",0.13913750454179372
"4170_4",0.081652339087686
"3724_3",0.8814759166773571
"4219_1",0.2091914829090434
"12233_10",0.9858572045914175
"12050_9",0.973587116013403
"124_10",0.9862217379697108
"9521_9",0.9536221523816943
"7991_10",0.9924390484730861
"12284_1",0.0471540647322878
"8452_10",0.9861255591754936
"986_3",0.13051819563841255
"8504_8",0.8388589958855446
"9427_7",0.9894680071889302
"2359_3",0.07629361145407704
"7026_10",0.9667898261938966
"8726_8",0.8681606882763683
"4971_1",0.0399343164775894
"2990_1",0.03932948305210436
"5285_2",0.07051910632057232
"9953_10",0.940430034462472
"2170_8",0.9676414180570316
"10963_8",0.8792825957063194
"9176_8",0.9886144648525559
"9639_7",0.9845937990798833
"1781_1",0.03579088755018432
"1293_10",0.9858156594729536
"10225_10",0.9543320265682279
"3821_1",0.07863001452344029
"1206_10",0.9829385108181297
"5513_1",0.05097217776618032
"12475_2",0.05837042567615276
"11508_9",0.9732171851279147
"6358_4",0.09173076843239003
"9646_1",0.03500300946401111
"7957_9",0.8735411382999162
"5183_9",0.941396261052342
"8322_10",0.962164378842734
"4171_1",0.9779428278617484
"6498_2",0.03876635682971732
"11893_1",0.16047804792413012
"8209_10",0.9663477523826737
"4866_3",0.037383447619300694
"1077_3",0.07040379065565092
"10916_7",0.9015170096130528
"6027_4",0.814379462929494
"9308_7",0.9836663146647094
"7130_1",0.03462876384967543
"3326_4",0.03641196827841728
"6680_3",0.055812130035609565
"1707_8",0.20714686819190178
"5106_1",0.042602131132509186
"1408_10",0.9716332658780994
"6773_8",0.9856338810418528
"940_3",0.08599576264802263
"10890_10",0.9851033299724947
"3678_10",0.9803715871025399
"6871_9",0.9562258829494883
"10196_8",0.9802821997643977
"12369_1",0.037118225939625105
"4070_10",0.9867620771834229
"11755_7",0.9823759599073147
"9095_3",0.14562739040088188
"10863_1",0.04037601265579738
"7109_7",0.9223487562199573
"1844_3",0.03812569169540976
"8228_2",0.061697540513880565
"9631_4",0.04454667364746556
"3920_4",0.060361667740149616
"19_1",0.03447189518548755
"3929_2",0.11005021397416985
"1506_2",0.03660192028707989
"6877_3",0.057800697553315024
"12154_7",0.8344763676381358
"6572_3",0.08725653149311705
"1557_2",0.03561627361644191
"11836_7",0.14178324429333433
"9380_9",0.1983803216012766
"11725_4",0.060711956781961
"6317_9",0.9749527546529329
"5022_1",0.056017747932675735
"132_1",0.02898175987276195
"9303_8",0.8773444055754652
"4739_10",0.92414209839391
"11228_10",0.9926438687591554
"7913_1",0.1673568377830399
"1304_3",0.03944320580241095
"2725_10",0.9861409938576279
"8484_2",0.038812112622209315
"1866_9",0.9885097459578301
"12446_9",0.978433309044184
"11406_1",0.03491321089645556
"7056_4",0.853675416161962
"8615_10",0.9625343157011075
"12284_10",0.9576571544795375
"3279_9",0.9905568920363306
"9243_1",0.04876579023497556
"11_8",0.837462430960712
"427_10",0.9621146742301966
"5446_7",0.9822525244849272
"846_7",0.8490193892832272
"2545_4",0.8536531740847831
"8635_10",0.9904773683481508
"4410_8",0.9876166302198298
"875_10",0.9882057327843448
"392_2",0.03956981459587975
"8819_3",0.03411552943890238
"12202_1",0.038371157992481475
"1370_4",0.971484482182237
"340_2",0.0357024884013465
"179_1",0.07755592786388588
"11332_8",0.9869284260204628
"10396_4",0.7687121356509963
"8321_1",0.06060985232409495
"6384_3",0.07149692116909621
"5951_9",0.9848653169014815
"8137_1",0.038840636124054084
"12009_10",0.879648028869928
"2103_8",0.9848091024973321
"11153_2",0.03977090235911014
"4945_10",0.2194762764461677
"3193_3",0.046385726911335266
"921_9",0.9899947303614535
"10446_10",0.9780625839368122
"9961_9",0.9868204020245795
"11420_4",0.037983564220850176
"6954_2",0.034929200242582045
"8430_2",0.21107676951451498
"6749_3",0.12672898857345177
"5997_7",0.9256440475696219
"7611_7",0.9188097738581709
"6292_8",0.9819858885893326
"11314_1",0.03744778107001478
"5143_2",0.038540576539332246
"9517_2",0.039416951215359146
"8259_2",0.03937054266039575
"5114_8",0.9881405063673161
"3574_9",0.9832532614109772
"11464_3",0.12089953725791716
"11457_10",0.9807350350685659
"2496_3",0.03706898546007999
"6795_1",0.06272678515245643
"1904_2",0.04402420131485998
"11524_2",0.03788343472377414
"8223_1",0.0440880940431986
"5566_3",0.039341989227934915
"3550_7",0.9843720999275942
"6059_10",0.9516343934846655
"4580_10",0.23190861041291277
"177_1",0.03834927651771799
"8790_8",0.9813478462279112
"7784_1",0.03698760474014358
"11892_1",0.043157545771745465
"6235_10",0.24832359232928392
"6493_4",0.03612138270969992
"764_8",0.991092327134244
"4052_7",0.07707761441171544
"1663_1",0.04022207875122428
"10437_1",0.056412785225306905
"1009_3",0.06244155517896984
"11664_4",0.03932584782367717
"8909_10",0.9612364260822079
"9200_3",0.8936788131542746
"7919_9",0.8237613343204533
"8603_1",0.035905125961062496
"6976_2",0.13071579344477702
"4261_1",0.034105477699066626
"6636_1",0.04989693236352821
"10707_9",0.9896064690391605
"1155_7",0.9909842742159768
"7050_4",0.9249858924403114
"1360_3",0.04158956437300029
"8176_7",0.958824658877408
"3301_8",0.9367700401555524
"6684_3",0.03677367773208964
"2742_3",0.044783453618178516
"7159_4",0.04533614205040655
"8944_3",0.04025876045630783
"2077_4",0.04666468785104744
"7145_10",0.9775191171646487
"6216_7",0.9215644611484787
"8606_9",0.9792940334513767
"10608_10",0.8971199017744828
"8441_4",0.05186339129578335
"1782_8",0.9836291144970662
"10939_8",0.9275325957785387
"2702_7",0.9877591199354507
"9210_1",0.03682909803197578
"9075_8",0.9865069714725185
"3412_3",0.040628443556982925
"2859_8",0.9729292669697293
"6326_4",0.054412378139990475
"94_2",0.04276967307454863
"3691_10",0.9752892308187151
"2679_9",0.9818134411498975
"1568_4",0.17959178484290997
"3540_9",0.9683549777966127
"3710_10",0.9834866851865827
"5691_1",0.03823388614798855
"9699_10",0.9532021492241145
"9207_4",0.04622403061578461
"286_1",0.04020932634668588
"10891_1",0.024307545220476102
"6177_8",0.9854232621592443
"9817_2",0.05901724978183623
"8871_9",0.9357129007051918
"290_1",0.034442027861363966
"8388_9",0.9801229933494857
"9195_7",0.9873062673071031
"1164_9",0.9897076154538758
"2332_8",0.9496728145673503
"5406_7",0.9737228227126494
"2476_3",0.07255947956752619
"11381_3",0.04494164082822589
"6518_10",0.8574691018754899
"3474_1",0.05429854537534473
"603_8",0.9853600686609761
"5448_4",0.047511449610929915
"3624_8",0.9085851964702462
"11569_1",0.11829999088416751
"9353_8",0.9867662001318411
"3119_2",0.19770482730923405
"382_4",0.04450496192792267
"8569_8",0.9174595104510769
"2312_10",0.9913684512769184
"7531_1",0.035159293516797356
"7150_4",0.9101892630044147
"5496_8",0.9885738837361946
"1979_1",0.05029375029076415
"4158_2",0.03815105245889777
"4790_7",0.8655079595070002
"11971_1",0.0362905566005661
"197_10",0.9833345125520236
"3453_8",0.9773102456733952
"915_4",0.05568907828515947
"6991_2",0.1058607872250523
"7524_9",0.967593116201142
"7474_4",0.10540728916776686
"284_2",0.034068709833435115
"12483_7",0.9305294758340484
"1141_10",0.9847880613619766
"7739_1",0.0404314177759292
"6488_3",0.0452740131962383
"3117_1",0.7648782245786511
"6224_8",0.9697974868846199
"9737_4",0.09314853829836729
"2399_10",0.9904067205505698
"1044_8",0.955299415460199
"1153_8",0.22028463713998098
"11664_9",0.9852911651182977
"10015_4",0.8449824181297156
"7622_1",0.08362434848792756
"8743_10",0.990284141494836
"356_3",0.05888556782576002
"838_7",0.96816885118553
"4922_10",0.9786625165436199
"3623_10",0.955637178603028
"9424_1",0.08572580135514174
"8473_4",0.9810474433631288
"9996_10",0.9907267839865878
"11242_2",0.9215523107456688
"11889_10",0.9714975087136741
"11131_10",0.9787754513694981
"386_10",0.9701647510175769
"6534_8",0.9911190987159894
"11420_7",0.053049064916916064
"3119_9",0.9849508922557272
"2708_2",0.04690815188682973
"2817_10",0.9454985599351603
"9425_7",0.986901559078758
"11019_2",0.12292505487949199
"1747_1",0.28230793619135697
"4493_9",0.9472491906454482
"4728_1",0.14393501441016177
"6856_2",0.03442796781410764
"10273_1",0.18188804933761438
"4822_8",0.9423720463732024
"10475_10",0.961306917030303
"2678_3",0.03883245244102004
"9979_8",0.9665210768517262
"8090_1",0.03518593964840561
"10022_4",0.037310139025961996
"5137_1",0.038707004401376956
"6787_10",0.9857096577252143
"4027_9",0.9892805974887429
"208_10",0.9590904906931532
"569_7",0.9767756101311056
"761_10",0.9834225811806347
"2603_9",0.8419773740392967
"11692_9",0.987159211624138
"4374_2",0.04327558149712112
"5581_10",0.9330826401304818
"10601_1",0.056673521920151335
"637_3",0.034620110081715894
"10238_2",0.9244819092451063
"6717_1",0.0365630818335561
"9145_10",0.888157339383244
"1047_4",0.761418481773194
"6173_1",0.027639494067890392
"985_10",0.9563696145365674
"4964_1",0.037508331512265784
"7104_1",0.034969971234920676
"6293_3",0.20994561212018512
"9060_3",0.041981788965817
"1894_4",0.8410978052110186
"4650_10",0.9866352900227078
"12475_8",0.9445054090046318
"7563_9",0.9926815895361296
"10996_9",0.9800992472487786
"8315_4",0.04025121329625054
"710_3",0.03790506427102884
"3856_7",0.9786560095034718
"10613_8",0.973089020479851
"12141_9",0.9867371923141096
"4666_1",0.03474094358697696
"292_3",0.04613407742938044
"3316_7",0.9571736642368055
"10482_4",0.03588431159332892
"9703_1",0.8311278996751468
"6905_9",0.9866643920723824
"9138_10",0.9889466178701655
"10417_2",0.03392380947356942
"7977_1",0.03650270560737689
"9350_8",0.8889117374919165
"4514_10",0.9893891617518882
"3964_4",0.9250677271177374
"6014_4",0.9378581874134287
"10198_2",0.05686136405051247
"9059_1",0.04000689823218438
"11254_10",0.9186624648748553
"2032_7",0.9090291549056654
"6895_7",0.3117377602039495
"6921_2",0.042295192321672635
"9174_8",0.9889110521895739
"367_8",0.9260186936492693
"11410_7",0.03601172292475479
"9387_7",0.7624442498382655
"2227_10",0.9870594472291591
"334_2",0.03495388513960487
"334_9",0.21445334098346697
"10893_8",0.9816527864676807
"9414_10",0.9845380049605046
"9725_1",0.03403990619199123
"10779_9",0.9226057574874201
"8654_8",0.8763737947896199
"9032_7",0.9873013320041921
"9775_4",0.058778112145799546
"7687_1",0.03956461265459833
"12206_4",0.05995552463127593
"7720_8",0.9804132319729403
"6774_9",0.9683045904785916
"12469_1",0.03908321963118695
"7249_2",0.037271341496481
"5146_3",0.15724084954129103
"8629_7",0.27537858537721605
"5292_3",0.9881796500991465
"8937_7",0.9926293071753818
"9221_4",0.8747926480391834
"3203_8",0.9327440293280505
"6964_2",0.8442338998193312
"6120_8",0.9686527751843224
"6962_9",0.9017833017134942
"4139_1",0.035478874512253955
"3957_4",0.036044215086128754
"9305_3",0.14972875170181907
"6863_1",0.037184490833550105
"2164_4",0.12529328051861777
"12378_7",0.050379262536442426
"10834_10",0.9920313065785386
"633_10",0.9257748947629387
"10071_8",0.9847045297517444
"8167_1",0.0340793130436603
"4232_9",0.9816136676959362
"6710_8",0.9595516500605982
"6055_1",0.05906691004746169
"8169_8",0.9850385169102049
"10291_9",0.9832380265401611
"8149_10",0.9823422254504955
"2499_10",0.9760843718226011
"4370_2",0.0354697628177819
"4031_1",0.03431096955496065
"11372_3",0.19474888959268086
"9619_1",0.07083619986792175
"8822_4",0.05905474666501151
"7096_10",0.9749072979957921
"7009_10",0.9823941931041589
"2442_10",0.9864774810899145
"442_10",0.9888311282755387
"4783_1",0.06791134934624571
"11837_9",0.7292805105324468
"5214_8",0.9865113628137974
"134_8",0.9909292672925463
"10948_1",0.03564475606883659
"3011_7",0.9913239263289477
"4339_4",0.07075673029069224
"9638_3",0.9530835116572374
"7186_7",0.9681748455668107
"7702_2",0.037314547305954134
"6586_8",0.9796125892231295
"2420_8",0.9864701072425128
"1911_8",0.1169712143925555
"4707_4",0.12212439944415815
"3954_10",0.9287279657410112
"12071_3",0.8215482340351213
"10010_9",0.9862383080988975
"8844_2",0.04525321761035988
"12312_1",0.04252740518023554
"4874_1",0.0544744156776704
"7270_7",0.903497408102524
"3497_1",0.03707905299507485
"9928_3",0.9073076134216395
"11109_1",0.04100590719355292
"9016_8",0.8841156652736704
"1125_10",0.9687185655577037
"9695_8",0.9826845410431383
"5756_9",0.0906876703631365
"11452_2",0.03978884073205412
"8488_4",0.03616231526198488
"9825_2",0.16894372365044547
"7054_7",0.9606377003138673
"4359_10",0.9763166533740009
"11411_8",0.9300112360822006
"9618_8",0.9747831616403774
"12226_4",0.9802953352495236
"7752_10",0.9860919205597023
"9274_3",0.12570536329375187
"12069_10",0.9855521552696805
"4591_2",0.04269611807537956
"6065_8",0.98441395397075
"2344_10",0.264787643656316
"10299_10",0.987912709822958
"8934_9",0.9598393050194816
"5041_8",0.9870272799747546
"3885_7",0.881560372860656
"3994_8",0.9813594955886745
"11907_9",0.9903337025474329
"10181_10",0.9470112486901952
"2714_9",0.8424765709864389
"1571_8",0.8082991051065761
"6621_4",0.08988696137863242
"1062_2",0.0770550320713975
"379_10",0.9908659543428807
"62_8",0.9715476046934793
"1926_8",0.9743710330007533
"3428_7",0.16060054347367086
"2175_8",0.9821229293780936
"2006_10",0.9872566312807249
"8633_7",0.18629585560251063
"12158_2",0.03473289873128848
"11572_8",0.9844614652827437
"8859_10",0.9869131359851608
"10919_2",0.03494965506811388
"4131_3",0.05435865053408795
"6893_1",0.050508031757470255
"9217_1",0.027373176093986484
"1893_2",0.12032786850321253
"1719_2",0.034990994047680156
"5107_4",0.04026675330583117
"2284_3",0.04779122645049948
"1430_10",0.939549234656762
"5207_10",0.9598007069797887
"2800_8",0.9708816633973
"7550_1",0.2484631404208006
"9035_9",0.9734808401344972
"11548_10",0.9923107125273772
"6037_4",0.13155116727086813
"518_4",0.0563551901734141
"12237_2",0.05084970569879678
"10266_7",0.9828310620823386
"12032_1",0.03513083128274869
"2494_4",0.03711104801162853
"8062_3",0.04010925806322077
"4665_1",0.03594116278440187
"6082_8",0.9907915165909869
"7225_4",0.04769049843421801
"9080_1",0.0659923016897566
"9606_4",0.053859737303273064
"494_2",0.08086705450634746
"6274_10",0.9801683711153674
"4170_9",0.9691751630093582
"9218_10",0.9429420838802585
"10377_8",0.8989019679868587
"10597_10",0.9816694112993377
"958_4",0.04720945084634092
"9958_4",0.7627825606208328
"129_9",0.9855606862597117
"2804_9",0.9894521402481706
"8935_1",0.04462758709735416
"12229_3",0.08134161654882921
"5048_4",0.038672100034509736
"6509_4",0.03978036497191466
"1812_8",0.17686356462738861
"5695_1",0.20997956378589647
"2021_10",0.9465284662139591
"9892_2",0.04205919741985065
"9239_10",0.9149113346021476
"5398_2",0.07208579315376015
"4458_7",0.15914118795769866
"11730_8",0.9842338113875724
"9853_1",0.03628320823476162
"2258_10",0.9905528295352157
"9345_10",0.9881582635967177
"64_3",0.07294684408933881
"10423_9",0.9893064303264271
"2220_9",0.968123868349423
"192_10",0.9910354846676535
"12143_9",0.9717165187340969
"2113_7",0.987881175150566
"5294_10",0.9897117880450448
"7025_9",0.9901970957869086
"6300_3",0.8150816333648337
"8043_2",0.03687713517389028
"6628_1",0.07090966894241482
"12138_3",0.053326878121520406
"1333_7",0.932483558186457
"10515_3",0.036532752380283556
"11949_9",0.9785018764283562
"2854_1",0.037148978998125526
"142_8",0.9896542868744392
"3706_1",0.027862298396723106
"6149_10",0.9520757386712972
"8429_3",0.13939261649393703
"6151_10",0.9901033265873616
"4861_8",0.9553723215796511
"8764_9",0.7814880739097232
"540_1",0.10454792409303558
"10693_1",0.04457588244742531
"2346_4",0.059140965814934686
"1532_4",0.11710545833699679
"1099_2",0.036404976396139745
"3818_10",0.9435666558641718
"2617_10",0.9223362633889861
"1709_1",0.038875729724177625
"4649_10",0.9637332650408873
"4085_10",0.9773101125874137
"4478_9",0.9856871501911457
"1032_10",0.9620075405123536
"3642_7",0.11075190154063529
"5656_8",0.9721151957216889
"11916_3",0.1131645792402573
"6672_10",0.9724764643733905
"4225_7",0.9140552419265491
"996_3",0.03670093023262298
"7421_10",0.9899508988163651
"9431_7",0.17078371930770897
"11121_9",0.9899934792015672
"5054_8",0.9727654895586428
"9187_8",0.9467452182788927
"9096_7",0.963016297465857
"10318_8",0.9746290082252358
"5348_2",0.7058364856198975
"6666_8",0.9781860908532323
"6648_9",0.08603976125415463
"1405_10",0.9530206542166694
"8981_4",0.8979079638132922
"10248_9",0.9496943713168708
"4101_8",0.9808430177280488
"3076_4",0.04121567240854364
"1598_1",0.03761682238776631
"8430_10",0.9047709035694852
"9999_1",0.06732197194390133
"805_1",0.03562933782086454
"7821_7",0.9792131244970927
"10849_10",0.9791789275679494
"8400_7",0.16753191396453926
"4807_4",0.04170688997701522
"8353_4",0.04551609505622699
"10445_10",0.9737313702456276
"7058_2",0.07452374705890336
"9715_2",0.04555525017881222
"10934_3",0.039438173309428996
"8215_10",0.9811545440820639
"7268_10",0.8583743686655384
"5521_8",0.9259629842604724
"8565_1",0.03481281452906864
"8197_3",0.03423940042122278
"12004_9",0.9742724257455527
"10257_3",0.03945284387093762
"6260_2",0.03760255797287507
"10481_9",0.9899017505981855
"7598_2",0.03658993897829126
"8106_10",0.1709535789093221
"8049_3",0.12335347669548001
"7124_2",0.07877284508335194
"3858_1",0.038200326949836674
"1445_9",0.986157186569153
"6346_1",0.04118682771940409
"678_7",0.20278146014487963
"10247_1",0.10135790387815054
"1287_8",0.9531412503416735
"11873_1",0.03861759796171492
"7198_1",0.03984767031120081
"3237_7",0.12861544429699936
"2029_8",0.9431642865555423
"26_10",0.9881203691873497
"9153_1",0.03729641608317058
"12004_2",0.2712569162572431
"4105_10",0.9869854003154016
"1168_10",0.9794166838120404
"5312_4",0.04640614060961125
"2907_1",0.03977906095148013
"7247_9",0.971347568227692
"107_10",0.9413488897106708
"412_2",0.8520555342588684
"2078_4",0.03890067753135237
"7997_9",0.9618126985629987
"12397_10",0.8082757008458381
"10052_7",0.985023844267229
"6559_7",0.8635493512467073
"12143_4",0.062025504991081726
"3496_7",0.7928827010535532
"3569_10",0.9700200926341366
"9270_10",0.8140639833642286
"2811_3",0.9724135147258232
"9673_7",0.11831222080673759
"325_1",0.055813376567253194
"11741_3",0.04161287599002787
"10562_7",0.8944236545099881
"5687_9",0.905753422852706
"4601_4",0.24999979427889124
"5698_8",0.09421854194303121
"11257_4",0.04138028482365891
"4391_1",0.04171493894079657
"4703_10",0.9862387479371618
"12191_3",0.034846381012864365
"113_8",0.7727799536790251
"9831_1",0.04617446117665528
"7388_7",0.9881890981299489
"1661_10",0.9743096086253181
"3703_2",0.03857496763909328
"6077_2",0.8726711725239343
"935_4",0.06872113189611348
"7617_7",0.9865303585737744
"7387_3",0.045157745923009356
"7889_7",0.18067323692722628
"803_3",0.03666847829789661
"9557_9",0.9833749108164529
"4299_10",0.9872911915854163
"6785_3",0.1007990416475593
"5185_7",0.9858336580420143
"9590_1",0.22329060470182766
"10811_9",0.9904962988935919
"34_1",0.03413972195495516
"12221_2",0.04190833827748588
"6436_10",0.9823970763162864
"8299_2",0.04407146539250243
"7242_9",0.9905669223739526
"3247_10",0.9762833018345121
"8466_3",0.03726299706008116
"5784_9",0.932985050231777
"794_7",0.9871599143911558
"4986_3",0.061946374104867585
"7786_7",0.988591824148563
"9324_10",0.9439364173325844
"2095_9",0.9755818718971907
"10798_1",0.03405501664417939
"4193_1",0.04168836192287062
"12063_10",0.9876723203619768
"3976_7",0.9068366997746076
"8657_1",0.03581363878460524
"2850_4",0.07758048325606473
"4522_7",0.9714728436379477
"6028_1",0.1152815012027378
"6000_4",0.060431288532917966
"8712_1",0.03590044751186922
"3969_8",0.9602718060102514
"4245_4",0.1301792565156616
"3873_7",0.171800700085889
"68_9",0.9903258971907052
"890_9",0.98493541946326
"5922_1",0.038808839271026845
"2582_2",0.05630722049182164
"5704_4",0.11931357101727864
"9307_8",0.884902335771709
"4114_8",0.9852830987966185
"5540_7",0.978832103450119
"157_10",0.9867654006934987
"748_1",0.03932031473786223
"7045_1",0.03691932427945053
"9526_3",0.06682945331630435
"6519_2",0.039210678802364514
"11254_4",0.21871408259914019
"9498_1",0.038454908117685066
"7192_8",0.9643024611972242
"2388_1",0.03565588878100186
"12002_8",0.7798358272762234
"8394_1",0.03671085006964541
"10656_8",0.9531222137888529
"7261_9",0.986774037357057
"10434_8",0.9900257369950959
"139_9",0.9114166715301473
"4538_1",0.03529134133434053
"4038_2",0.03133821758188305
"12228_4",0.07701125290074382
"3619_8",0.9899802817639582
"10411_3",0.03790565386215578
"7278_1",0.036931952567414196
"2304_3",0.04144063242532622
"5636_3",0.08366822028011742
"8833_9",0.9507075476202014
"504_1",0.039862079491412995
"12313_1",0.03462979620961463
"11161_1",0.040054296412805744
"72_4",0.045353881752093574
"4976_1",0.0616686584086692
"10018_8",0.8199849119423532
"12142_8",0.9787656493939274
"4821_8",0.915670155232085
"9058_2",0.04026503629013597
"6347_1",0.03605934885399093
"3346_8",0.9592675767975518
"1481_10",0.9552527356070536
"10178_1",0.03739569587487719
"2851_8",0.9842295262693271
"12095_3",0.03563289267086715
"11978_3",0.1035021331718097
"7172_9",0.9777028774288863
"8450_1",0.039132974390862156
"7464_1",0.07450291554486346
"12327_1",0.10373275615684294
"5622_4",0.04924098229611732
"9170_3",0.08960860029996276
"10955_10",0.07726645208928275
"6161_2",0.06150752647957534
"11222_10",0.9873201130708225
"3844_7",0.9723839916021945
"11443_3",0.05427786709207457
"4004_7",0.8921042869365131
"11015_10",0.977246897284569
"3860_1",0.047724034185241036
"11600_2",0.0896871747164444
"6849_8",0.9157456797661216
"1966_1",0.03881208886880808
"4828_8",0.13315165308122515
"675_8",0.9485960929472095
"9068_7",0.844614631731908
"5924_8",0.9782791295554335
"10733_10",0.976151380601175
"8369_7",0.9872731189717844
"5213_4",0.22633341971917476
"2558_4",0.040537354589647516
"47_10",0.9869639749251383
"2601_10",0.11107386955620706
"7360_9",0.9751271191304137
"1289_1",0.037244776059311306
"9875_4",0.03934939212146931
"2449_1",0.043659331350379846
"10020_8",0.9842894330474833
"6761_3",0.9783701566869756
"7544_10",0.9739306044986435
"4380_3",0.0384363112886234
"3946_10",0.968180230946956
"6968_10",0.8892403258661475
"3006_2",0.05654391971774934
"11942_1",0.03408383662223674
"2715_9",0.9774306155931788
"6065_4",0.9385869700599903
"6866_1",0.8849341700329564
"6620_10",0.9632285668608733
"3177_1",0.03718156863370798
"4051_10",0.8926890481725849
"880_3",0.03828425422902542
"6504_1",0.13665227853919687
"12193_3",0.03571457710852216
"8570_3",0.039584975143712044
"8025_1",0.03607210294945567
"12316_1",0.03658442326119922
"10842_10",0.9908708295267591
"2066_10",0.984486361217895
"4416_10",0.9291233204726714
"5327_1",0.03794667086391583
"3500_1",0.03654224322402959
"4072_7",0.9718473609743186
"5833_7",0.9805150392514029
"2989_8",0.9639075505076588
"1905_8",0.9487154176209585
"5421_1",0.035862272366787226
"1479_8",0.25510996382832807
"5092_1",0.03666198094331603
"4840_1",0.08523040875911092
"54_10",0.9636921855571057
"9203_9",0.08310559708580637
"3949_2",0.034127368839592845
"3615_1",0.02901891488505094
"8748_10",0.9305563330868247
"108_2",0.06608364617101996
"2280_4",0.8446905159413864
"6454_3",0.06879882754775613
"4071_1",0.035384242600230896
"2022_9",0.9304540109483521
"2600_1",0.035818050475410444
"2482_10",0.9660512622174722
"7347_9",0.9901550503816525
"7190_4",0.10407127197116744
"7174_7",0.9459040125235416
"5823_3",0.044618563293864724
"8051_10",0.8814882574105465
"7503_2",0.04762809502409035
"2341_1",0.039298288644832556
"516_9",0.94948747034179
"8309_4",0.03996650311380066
"10789_4",0.07981223269320435
"11286_1",0.04045148153149852
"4770_1",0.03655798297218699
"7262_4",0.1273054243517986
"11636_9",0.1533694742847817
"2340_1",0.06502825637407654
"3407_3",0.03518933775294465
"2922_9",0.9767646575016062
"9708_2",0.03547940612110356
"2362_3",0.039419656925799004
"3729_8",0.8362757074015202
"2265_9",0.9919862431279123
"1439_1",0.030063317704256926
"8020_2",0.056356495160406736
"5581_2",0.05155586765344264
"6503_1",0.06434137529675124
"10101_9",0.9858838738874912
"7853_8",0.9529016632734723
"6229_1",0.029357692464742374
"1351_7",0.8327511364592485
"2764_10",0.9609981365997996
"4617_10",0.8904746847844678
"1265_2",0.04227889449286062
"11424_4",0.18690120945414154
"219_8",0.9565164284957448
"2241_10",0.9645808627223051
"8400_2",0.043270535137965735
"4399_1",0.03426065630513979
"9110_4",0.7559261610185148
"294_1",0.8680278738501817
"4646_4",0.03847230564389458
"8267_3",0.10220426568047555
"8829_4",0.14218410051998273
"3174_7",0.9175097999250752
"6557_4",0.03513442864149299
"8286_4",0.143269542108707
"2611_8",0.9383583521466274
"3422_4",0.04716292985328733
"4632_4",0.1812097972574684
"6448_4",0.06189693837091166
"11485_3",0.25487619325327315
"8526_7",0.9172425653962539
"10172_9",0.9448107537640913
"5043_2",0.11379597927848482
"7865_1",0.11689086063488087
"6343_8",0.9556382826403509
"9225_9",0.9920443279478477
"2764_4",0.05848128929651446
"8446_10",0.17543754666088168
"3329_9",0.9821991844582725
"9142_8",0.9546858908047106
"9567_1",0.0343286856499491
"7933_8",0.954637729806777
"5655_10",0.3224640974820574
"12076_10",0.9926195309428991
"6455_7",0.9866804472690398
"7202_10",0.9086796850557706
"7747_10",0.9905051907646725
"9072_10",0.9155867267781742
"11374_10",0.9798820074225751
"3032_9",0.9596189641710016
"3065_10",0.9715756272779734
"1216_10",0.9711077639180086
"732_8",0.9578652178464251
"7586_4",0.03498734172461255
"12012_10",0.9330247015520832
"5280_4",0.06226198164657096
"2687_4",0.06817408952027611
"7659_3",0.03304628610418637
"2813_4",0.24004882186414978
"6992_9",0.9620291117150124
"5468_10",0.9845859895197251
"10035_1",0.039534010397585605
"10283_10",0.9591190396156891
"5439_8",0.8491987512410394
"8930_2",0.03804262487759536
"8681_7",0.1326331656137776
"8521_1",0.034599629136815004
"4213_1",0.1668583391432629
"9751_1",0.03461406831049207
"935_10",0.9899650111149038
"5082_1",0.03578700903572389
"1802_1",0.036542704842827574
"11455_10",0.9770413643141085
"1794_9",0.8393772179381627
"3708_10",0.9780976374339951
"6174_8",0.969988612080679
"2210_8",0.8060441082962532
"6259_7",0.12098299285901738
"12471_8",0.9896080094600532
"3260_10",0.9921796055030025
"4717_1",0.03769973261223786
"8673_2",0.04365349661997486
"6362_3",0.10105623550453355
"7986_1",0.03870411861184205
"10555_3",0.04791084785766559
"10468_2",0.038131407835309626
"5354_10",0.9844720671478026
"5760_2",0.04676171476142095
"1380_2",0.06694405675278074
"12054_9",0.9852638800780381
"3794_10",0.8929807660121627
"7842_1",0.03983781727545301
"2236_7",0.9852008649978214
"8449_1",0.03846184035177519
"9993_2",0.06486867815077257
"6947_1",0.03555895487349072
"11369_10",0.9528490015358997
"8186_4",0.14775259484752407
"7017_2",0.9613483329893769
"725_8",0.9749383886095703
"9298_8",0.9587060201238
"1695_7",0.9907272246816206
"7762_1",0.05993449404134004
"3466_10",0.9870576911869356
"1794_4",0.0429971548945143
"3804_10",0.9072426786658687
"7642_3",0.06443107776822551
"9538_10",0.10262797301638571
"10107_2",0.038212889274521884
"4755_8",0.964231810434313
"9679_1",0.03412225203918802
"11300_1",0.03542054231864567
"8747_3",0.053657906275001305
"4145_1",0.02873528977287171
"8066_7",0.8274741956197427
"6306_10",0.9729956404786864
"6021_10",0.9829272222182975
"4860_10",0.9770526099658892
"4608_2",0.03898609891243009
"2380_1",0.03645556511782715
"9709_8",0.978123669187859
"8057_4",0.8048492321206338
"8624_1",0.034262169241177615
"6117_10",0.9902155875657904
"3641_9",0.21903884565002651
"8710_3",0.7120942824435348
"9158_10",0.9768157892760216
"1129_2",0.03987131353511879
"8320_4",0.06280384732998262
"10219_4",0.06059147104411901
"6625_1",0.056052366077213096
"1988_1",0.05396540727731686
"5032_1",0.036821264509091414
"1042_7",0.24157277079277836
"1895_4",0.11525748152734115
"10057_1",0.04273269415563616
"9898_10",0.9909131743817385
"3809_2",0.0396674853636515
"7994_2",0.042875986069179604
"2751_4",0.04890521294280257
"3102_1",0.03948695558218819
"12393_7",0.9528092300464337
"4521_7",0.9234691994485754
"11169_8",0.9865968248236131
"7227_4",0.9880670615705128
"4956_9",0.04468602695702098
"7592_9",0.9853133726540121
"656_7",0.9843318980635012
"11534_3",0.05289856298795452
"774_8",0.9929564265689715
"7756_1",0.03425401711602088
"2720_8",0.984761732409597
"11227_10",0.9879073504445199
"10462_3",0.05551044634385548
"4041_10",0.9062555380618273
"7327_1",0.03606658504244309
"4056_8",0.9896397694827097
"11684_10",0.9887332940277983
"5544_8",0.982191773658043
"3799_8",0.9696069346869816
"3593_10",0.9745655637913971
"4602_4",0.2619663813543391
"2123_2",0.03746010874621255
"9773_10",0.9888568895420015
"10956_4",0.053249971455529885
"5139_3",0.0528226462427172
"8804_10",0.9864136469908112
"1784_2",0.0456624637076916
"11022_1",0.03540222790186539
"9366_1",0.03444768481686737
"12113_7",0.23653440632856254
"2375_7",0.20271843985489635
"3911_10",0.9903371424158336
"10834_2",0.03721039716590935
"9319_1",0.039866708914778566
"3923_3",0.048131446498798906
"4630_10",0.9786635430681159
"2625_10",0.9838737499313008
"10159_7",0.9830926996799927
"2339_1",0.05702261112638907
"8577_3",0.10818738095419389
"4062_7",0.9902898648388457
"6677_2",0.03531589692215324
"7818_8",0.965185819874888
"4939_2",0.11927089487270098
"6937_4",0.19711305640401963
"1286_1",0.036303418557283654
"878_2",0.05969101183043322
"2357_7",0.2711561855125693
"3397_3",0.8947697142927762
"11214_10",0.9821934662908007
"8045_1",0.2973546103047762
"2943_1",0.052073923895377655
"1518_10",0.8901921742030666
"2792_9",0.9841951130276093
"6437_7",0.9493290659474714
"8734_7",0.9841797052434851
"6165_2",0.04259645144143835
"11956_2",0.036074791537333645
"7021_1",0.13138838120804036
"3369_1",0.9164756751653536
"5829_2",0.054064217955874364
"11742_9",0.988688115724319
"11370_1",0.034680763815450336
"1502_1",0.05235197821919649
"9933_1",0.03681285211380841
"4619_10",0.9602172272039641
"6842_1",0.9487955852708588
"2770_10",0.9765695470335493
"2343_4",0.06316363488259642
"3071_8",0.9895928753573341
"3046_8",0.8369985067242328
"8354_4",0.042194888926373145
"5632_10",0.9841609161567935
"3901_4",0.8426186878429475
"6950_10",0.9861240744520495
"2431_9",0.9411688675651085
"10614_9",0.990810283907402
"41_4",0.04190352102726485
"5039_3",0.04060953448648048
"2827_1",0.041105375066465874
"2860_8",0.06299843751599406
"6868_9",0.9866967443521005
"4597_3",0.20882231758422837
"8795_10",0.976723131343133
"11941_7",0.9498861202058878
"12442_1",0.039829426101442376
"9736_7",0.9771329655156453
"1102_9",0.9559053887084914
"4291_7",0.9877750664087998
"4523_1",0.03837859319954985
"5349_1",0.05695435081508867
"3363_7",0.9739947827141047
"11393_3",0.06043049649684109
"1647_1",0.04868452517345901
"6143_4",0.21714365584109907
"1863_1",0.03204820702936988
"10099_9",0.833510295340147
"4163_8",0.9258222613464027
"9357_8",0.9864770368867504
"10941_10",0.9418576321546905
"6883_10",0.9773272509741388
"11090_4",0.9668298452282399
"3480_1",0.03764335809274854
"10795_1",0.699729480688457
"5865_1",0.03802070642584534
"2484_8",0.9410129169431914
"3023_4",0.04348073472642045
"2818_2",0.034813709104892135
"719_7",0.11881613640363071
"5297_4",0.054254496573656934
"12194_10",0.9876867571703334
"2929_8",0.9348409758339207
"7911_2",0.03852686313326702
"10619_9",0.9615476617705516
"5192_9",0.977658780941118
"2170_1",0.8215359546056112
"4659_10",0.3270194573043557
"8536_7",0.9826266049297123
"11119_1",0.03915290686349815
"7887_3",0.16412712761723677
"11742_1",0.04282398166061376
"5867_7",0.8931096174853316
"7538_7",0.8648238373390793
"1834_9",0.9673725651405176
"6499_8",0.062085726034485436
"2073_10",0.9775026291023408
"3881_10",0.9632473723514754
"802_7",0.8264294074083474
"1733_1",0.03449980877612974
"11527_1",0.051304263723997524
"4316_2",0.03607291394048712
"9812_1",0.06184127265317807
"8911_10",0.21224365697356756
"7687_10",0.990132109979336
"4240_10",0.9833042549496436
"1778_1",0.038824716398345165
"11822_1",0.036790658350025617
"7820_1",0.024536104402954194
"235_4",0.057480956142077384
"8373_7",0.9500996138156478
"92_1",0.03708623467507374
"716_10",0.8278388533461545
"4028_7",0.9647543869342261
"5533_7",0.9491139028565135
"2605_9",0.9895955607166974
"6665_1",0.03630571760677327
"178_10",0.9908151996524667
"9886_2",0.07980514526718928
"11779_10",0.8439311506469869
"5124_4",0.10179452347503062
"1956_2",0.08984605185105816
"2933_1",0.11722536223454606
"8737_1",0.03703439102694176
"8755_9",0.9807954616816638
"5032_8",0.9911071965417995
"9246_10",0.9874564197797391
"9610_1",0.04808211671651432
"7011_2",0.851235953998972
"1602_1",0.07376041693263029
"3367_1",0.025777010781457905
"2756_8",0.9573592710443171
"12042_9",0.9789086592156064
"2641_3",0.03457649932510295
"9202_10",0.9897383699011568
"1953_2",0.10170893942675235
"5303_1",0.03560861570996506
"975_7",0.929348061123306
"2447_4",0.04649985150718275
"294_8",0.9028323865252837
"11643_7",0.8871248846581503
"8743_1",0.03569207423388306
"2661_4",0.1436236339576496
"8638_10",0.8160717930276757
"4793_10",0.9534217743898142
"7461_8",0.8422612060146049
"830_4",0.036694912863515325
"5770_7",0.86700271328367
"1989_1",0.03905167875984765
"5514_3",0.03463377107929794
"5842_3",0.03432755005227058
"11813_1",0.038610077761024604
"7811_10",0.9246169460692841
"7707_4",0.06392869707295278
"1205_10",0.9912105261132849
"10326_10",0.9799088432123796
"4881_9",0.9054690369388232
"8244_10",0.9895249113633879
"7647_1",0.03984732924417405
"4376_10",0.9841538035448681
"6744_2",0.04825620224491161
"6769_7",0.9831310554742975
"494_10",0.9153632155852846
"6188_4",0.046688927274807425
"5859_1",0.03779817161834984
"6801_3",0.06283251659148381
"10990_8",0.9797248804206022
"6057_8",0.9082504426902136
"3017_1",0.22312290539311275
"7617_1",0.05780598936280078
"8340_7",0.9848257581618928
"746_7",0.8687128972177369
"9290_10",0.8405348327287768
"1525_10",0.802303327379549
"11044_7",0.9731428093358014
"9367_10",0.9870209755971591
"5705_10",0.9802023158077704
"11375_10",0.9825591077025917
"11320_1",0.09497666689053265
"754_9",0.25347948203532106
"7040_10",0.9498210230329465
"10740_4",0.037918276994041204
"8839_10",0.9825008598304297
"11614_4",0.035666318079059886
"10867_9",0.987969939116583
"12406_10",0.9743568685249188
"12081_10",0.9714372819136788
"8763_10",0.9649405188457598
"4103_1",0.034772308794231765
"5600_1",0.04441782432984331
"5345_2",0.03446891603737814
"10679_8",0.88368170026352
"11709_1",0.038243884123852684
"6872_4",0.03573519751162674
"9096_3",0.9356968286346499
"3417_9",0.9828399331738533
"5154_3",0.8756134176692276
"6071_10",0.9678189483265272
"5685_9",0.9640085120561944
"7937_10",0.9876755645662676
"3628_1",0.03888407914216943
"7374_2",0.03815023443037965
"1862_8",0.9561934167479601
"6602_1",0.03582139553186632
"1401_10",0.9806413536828192
"12157_3",0.13078178056203005
"5636_8",0.9844096549171011
"2049_10",0.9833819010507975
"9402_8",0.9436898306317149
"12455_10",0.9849457950525278
"11062_2",0.04094410361819996
"9163_10",0.9596582975089087
"2879_7",0.8458306298500503
"2840_9",0.9091735849389155
"9893_8",0.9842233742147712
"11857_1",0.03625076920042108
"7776_10",0.9701708691396294
"10365_7",0.9245725533844565
"6186_7",0.9868049596850683
"7071_1",0.03568990341090303
"5132_1",0.03655707861093656
"8971_4",0.14210861452194706
"3415_1",0.037083771616274186
"3622_1",0.036665486913729624
"7446_10",0.9452294272510331
"4644_9",0.8600959913344772
"3923_10",0.9665362798055929
"3503_8",0.9542182720383273
"8685_7",0.1573895944408702
"1683_2",0.04131166705208711
"3417_4",0.22758040731838147
"10443_3",0.03895449873988474
"4620_3",0.9540504976976626
"5658_1",0.047600096305132664
"4185_1",0.052346258693155824
"3727_10",0.9402265932994869
"5334_1",0.03512821971185555
"7113_7",0.06656650177479212
"8713_1",0.039410572700445054
"2865_7",0.205501638208745
"2956_4",0.07116336202529205
"2455_8",0.9819566423619486
"97_7",0.9125555147788045
"6789_10",0.9933969574437477
"8639_8",0.9786068526446993
"1563_8",0.9864813818787268
"3169_9",0.9838356134720674
"7627_10",0.9650800046412251
"1649_10",0.9854872142302549
"2287_10",0.9891141025282986
"9479_1",0.04150355516035419
"7705_1",0.04310804664215653
"10803_2",0.07102823262082736
"6076_9",0.9330601312431781
"4263_3",0.0759725137704229
"4726_10",0.9797151908457745
"11738_9",0.9867466098666964
"9250_9",0.9703546200602486
"2638_1",0.03581536908709085
"11357_7",0.837647613392241
"12135_3",0.0860682625817413
"7296_10",0.9645324032945596
"10674_7",0.9866813983953345
"7674_9",0.9902782199922668
"5575_1",0.03523221054740973
"8120_7",0.9828107476872114
"1617_1",0.038423643978621067
"7090_3",0.04090538548052825
"3793_4",0.04507163839955441
"2658_10",0.9541865440968206
"9942_3",0.8138158357246457
"9520_9",0.9557773057272427
"10638_1",0.04288919821371835
"9066_10",0.989327049017757
"3408_4",0.0394647387466429
"7526_1",0.05238305746799596
"10821_3",0.035605493441206885
"5887_10",0.9516680591762711
"12470_3",0.039743187929114215
"4033_8",0.971335562803161
"1949_10",0.987322096313663
"9859_4",0.0468836832538786
"11183_9",0.9948011121047975
"8533_4",0.054385196795638004
"10236_10",0.8999225877821271
"6111_3",0.09815875911146252
"5475_8",0.9850463581735597
"3342_3",0.03769335612262194
"8335_1",0.9176561037861796
"4812_9",0.958154087991294
"2306_4",0.17399388005649247
"4596_7",0.09323518289928424
"10431_2",0.03895621215075733
"5077_9",0.9804656433410464
"1301_9",0.982294666732628
"8979_9",0.9590687268333433
"4226_9",0.9869423630929517
"5544_3",0.03999962160952956
"7954_2",0.03513725511671607
"3935_4",0.8682194991677494
"7076_4",0.037426943775206126
"10208_10",0.9406010962654984
"3737_3",0.7589935274731172
"1689_8",0.9625661944523777
"6585_9",0.9663180737581614
"6096_3",0.10826671511691799
"11052_4",0.14674251969856886
"7783_10",0.9166507296911217
"5157_10",0.9341201005192186
"5465_10",0.8023009096895363
"11361_10",0.9667812952771
"7560_3",0.8649405011869249
"9781_4",0.043179960830754704
"11681_10",0.9880954471173024
"6127_7",0.13051440410228127
"1799_9",0.8857841363608026
"10849_2",0.03468334761477378
"4274_7",0.27032646709599195
"15_10",0.9832250940904356
"11338_1",0.04054689077869747
"5750_2",0.04528301781445291
"9335_8",0.9871657928854911
"8359_7",0.9450492627283007
"9527_7",0.990207533092454
"1336_1",0.03916905222346382
"9893_3",0.12520585909773393
"11229_9",0.9836928781587672
"5948_9",0.9564218467068122
"9733_4",0.04042757038578573
"6377_8",0.9874940094408349
"1427_10",0.8793320520722359
"9023_3",0.10286841129149996
"2151_2",0.03673930720723169
"1744_1",0.03841109316857047
"6367_10",0.9897816116207305
"9143_8",0.966833033681176
"6176_8",0.9941713005953439
"11388_10",0.9738955924315965
"1493_10",0.8694738466261555
"6615_1",0.03427445337922063
"4654_2",0.03531367629932722
"599_9",0.9861220379544762
"7256_10",0.9878717441502294
"11993_1",0.16837886366016375
"992_7",0.9888400728920652
"8871_2",0.034274965742792804
"11483_1",0.042088097307568614
"3322_1",0.0463697266248917
"9827_4",0.07579088366119381
"8063_3",0.03568608723524135
"7397_3",0.03870485909438841
"3040_4",0.03828454756782297
"11682_2",0.04088587149764912
"8738_10",0.9883784495870309
"9905_4",0.053773070590592
"6437_1",0.05695712387154021
"4319_9",0.9710830613622063
"5353_4",0.05542960432200025
"12207_9",0.9728349922912293
"6166_7",0.9904023934323224
"12243_4",0.7880043736381814
"1219_1",0.03432120989980182
"10292_10",0.9794855184540837
"10132_10",0.9747634287025229
"6898_10",0.9626760097731843
"8469_8",0.9210416119501343
"10393_1",0.04075332822493585
"7509_1",0.045067399232650296
"9468_9",0.9829893279803373
"9002_1",0.03496944716419324
"891_9",0.9538437555239929
"5156_4",0.9127786165992902
"2321_1",0.03791862616542783
"11859_8",0.19611906574982318
"12262_7",0.930410211945685
"6198_4",0.8957562633873257
"5699_1",0.040402036609772214
"4252_10",0.8912077986678693
"10618_10",0.9719820852451803
"3226_10",0.9933385459684321
"7227_7",0.9653705298264609
"11047_7",0.9789844507774821
"9569_7",0.9773757864730181
"8933_4",0.7600395530782627
"4513_8",0.9509945310172357
"1271_9",0.9629063282238423
"6327_2",0.04290024005375461
"10012_9",0.19261819533998953
"10090_3",0.04574071163676969
"8564_1",0.03495969662705191
"10905_8",0.9887828469629473
"6828_2",0.05612649092413437
"1730_1",0.09912535142357445
"3404_3",0.04937329421130183
"12428_1",0.039119776506063256
"5180_1",0.06699396955626069
"10554_9",0.9745354134788295
"527_2",0.9479526807153796
"10296_8",0.9869975818490312
"543_4",0.05551525965102727
"10235_3",0.11862686774356296
"3743_4",0.22883814761858012
"8792_3",0.04238375616072071
"3597_1",0.06477318038330465
"12320_1",0.04159242355185672
"11672_8",0.9891183169727487
"7237_4",0.3117761170029347
"3726_7",0.7220801410945933
"6643_2",0.06237156339399054
"2743_10",0.97607161397041
"10184_9",0.9833142305068328
"1929_1",0.12332793114445581
"666_7",0.7943663066454635
"4548_4",0.039690833384028186
"4153_4",0.04892855463978024
"7356_4",0.07343221562077176
"8843_10",0.9865179818508983
"7552_8",0.9862483669075421
"6494_8",0.9824556048255694
"3547_7",0.9032330585498977
"810_1",0.9105443082345405
"7672_9",0.9393225277034136
"4945_3",0.04199925136355429
"12427_8",0.9745401455900798
"749_7",0.9726260912466496
"10706_10",0.9859779259432634
"10969_1",0.03509107243581734
"340_9",0.9815942564796272
"2154_8",0.9914308787513355
"3715_1",0.035108053359862994
"2388_10",0.9905232403808182
"5905_2",0.03856294797031926
"3774_10",0.982375630636564
"3070_1",0.03574217451473117
"4789_10",0.9853098181243524
"1509_2",0.03516864040717172
"2350_8",0.9717882659102768
"11137_1",0.02892271464344937
"10987_1",0.037029714169611073
"5815_1",0.6846478727636794
"7272_10",0.9816151791581861
"4651_10",0.9866352900227078
"4184_1",0.03511951156773247
"9636_10",0.2046616534586041
"8592_10",0.9590771934532976
"3068_3",0.0441477283200658
"8899_4",0.03572472480449277
"10018_1",0.05462037787837921
"5821_10",0.983242358675351
"3232_4",0.052811235589566685
"10795_10",0.8264653036633615
"7461_3",0.03501290667922279
"10874_7",0.20498263826428822
"9672_10",0.9872448515553527
"1908_10",0.9534720378083498
"4014_9",0.98168690527235
"10488_3",0.06265879462592784
"2501_7",0.9829073297118655
"12339_3",0.05849163109338287
"2698_10",0.9804165225933726
"1674_1",0.05977309725835683
"10366_8",0.05286739581117997
"12059_10",0.9860734863106115
"8285_4",0.05694017443385574
"4120_8",0.9130824080644613
"4238_7",0.9681644164911003
"10516_1",0.03193092405503325
"2478_9",0.927292037450044
"7807_2",0.041397231580836004
"10704_1",0.04373313903971948
"791_4",0.037821843580054644
"2514_4",0.9568327970814643
"3095_10",0.9589804103112872
"1770_10",0.9896242698288479
"11115_2",0.1736903325506633
"10797_1",0.20557213532078822
"11347_1",0.03606022113881272
"7077_10",0.9740074205291547
"403_1",0.8047275318899877
"5852_7",0.12396233732720086
"8451_8",0.9037189787686207
"7013_1",0.03508655156716681
"10346_9",0.9878084396544417
"3055_7",0.9853017842679044
"4687_1",0.06197466343773485
"8467_10",0.9866328709333497
"11363_10",0.9883681904834072
"277_9",0.9882866195693529
"1715_2",0.11793665137759148
"9249_1",0.035195863903500116
"1895_10",0.9504148756738864
"5505_3",0.03726916547304493
"1323_9",0.9906297076369848
"4200_10",0.9796804595212009
"682_4",0.8966594144274013
"12020_4",0.046860806128664105
"5824_10",0.8620625796840251
"4475_10",0.9906645152278675
"891_1",0.2585623165212367
"2713_8",0.9819337588230471
"2084_9",0.767795807934804
"1535_3",0.04875576831002519
"7862_8",0.9878832702572821
"8055_9",0.9698746377817185
"6604_7",0.9799400634041424
"7714_1",0.03869396214331771
"5606_7",0.9723622139720491
"7277_10",0.9889088961363645
"3197_1",0.03423060245168403
"406_7",0.07557850674482147
"6948_9",0.9533973131427467
"4196_8",0.17589509175983514
"1723_10",0.9866567682744588
"11625_4",0.8132168091631186
"1259_1",0.034346114648021134
"5283_10",0.9798879968464536
"8407_4",0.04059647799782363
"5561_8",0.9607859175069402
"7653_3",0.09735234621864249
"8646_1",0.03483118948274541
"8053_8",0.8565127891863554
"1879_7",0.22982185184578374
"1645_2",0.19884581339756283
"12222_7",0.04601464547398596
"3966_1",0.0626594204895823
"4754_1",0.026254701698407292
"8920_9",0.7398972148643868
"11920_9",0.9857806209543702
"4747_2",0.03429229019809497
"2108_8",0.14417712994218487
"9017_7",0.9717743282906113
"994_7",0.806537688875483
"11155_10",0.9620804489216821
"6249_9",0.974962159021538
"5926_9",0.9633705588616384
"12486_1",0.13830355371705366
"4918_8",0.26836055616313603
"1357_9",0.9824056855069274
"6051_2",0.038253463282663526
"4589_10",0.19073043638298007
"12401_4",0.038285584014617444
"4083_8",0.9803911670840952
"10373_10",0.9821874198824844
"7467_8",0.9662107244775765
"2220_1",0.03423355088120979
"6882_7",0.9013323854434308
"10551_10",0.9834861389640686
"4043_10",0.9471025921995169
"11078_8",0.9532920696512361
"4280_9",0.9767088886589463
"8594_10",0.9894023114972827
"10652_9",0.9382970197471174
"2206_10",0.9918696395433896
"9014_2",0.03426946439419391
"10215_4",0.09156885552974078
"3549_2",0.036538300999377375
"10445_1",0.03514495084773783
"10819_9",0.8726944625837746
"10691_1",0.041927560062561896
"3855_10",0.9900412456638729
"7809_2",0.8689892503223788
"3022_7",0.8832031841393726
"694_8",0.9141381730623527
"13_9",0.9729822189403514
"10972_10",0.9618323813265668
"9187_1",0.049156261813037685
"12354_3",0.22952150274670777
"4793_1",0.03542736193304826
"10696_1",0.04630883623981391
"12446_1",0.03423428997702471
"1488_10",0.9724144777670134
"904_10",0.07736110115641519
"11057_1",0.04115507173059345
"2132_8",0.8101605400510747
"1406_10",0.9897131895730733
"11366_3",0.04686855160058011
"9957_4",0.06542326673407435
"12096_1",0.03414266285490898
"3827_3",0.03973905829809208
"11686_2",0.03457408707448678
"4387_9",0.9901388804530249
"9955_9",0.9261722594240924
"12103_10",0.990896026792142
"11506_10",0.9805590101525109
"793_1",0.03767779662483325
"8001_1",0.03492060714665161
"8823_4",0.2021394942191198
"1787_7",0.9561437055269614
"5484_10",0.9486112103184571
"3557_9",0.9452809111048202
"615_8",0.9249922423191482
"410_2",0.3072640907813728
"5800_2",0.04999568269829655
"3143_4",0.041113342486700934
"11359_2",0.042948017430705566
"7016_10",0.986953176549546
"3711_2",0.03920786397024502
"8580_10",0.8041049214577081
"5615_9",0.98997928072943
"9202_2",0.03574786712684974
"4776_2",0.08036599778248182
"8436_10",0.9861444104034289
"2097_8",0.3618065227368882
"6935_4",0.8673372928622252
"2656_1",0.03801860075597893
"11446_7",0.9868333905709727
"5392_4",0.038468080912565324
"6451_9",0.9098794578794476
"11054_8",0.9237242522883056
"8677_8",0.974848295753826
"8761_3",0.07680551938054359
"9297_1",0.037958809283638664
"12480_2",0.04192717838430798
"11736_9",0.913652594358681
"4156_8",0.9502847759015615
"1955_10",0.9883316750789647
"12350_1",0.12154863810999036
"5439_1",0.03529262299430495
"1342_10",0.9598333629924563
"7271_1",0.045788404389074944
"1868_4",0.049870391083151284
"4497_9",0.6593742392157078
"1729_10",0.9153945543829602
"4593_8",0.9301149233383266
"11296_7",0.9080523601021324
"9573_4",0.6809875175866567
"11678_2",0.038199943312977915
"6790_9",0.9865907052342405
"12298_2",0.03531628815909607
"9839_3",0.7243795565250429
"1348_1",0.03675651864304924
"7004_8",0.9398072863740856
"10414_10",0.9873009795985985
"3826_3",0.0820217793860056
"9313_4",0.8966550902421795
"10543_3",0.03966915410100264
"6909_9",0.9688438672664907
"11377_10",0.9910051109795859
"2591_9",0.9722114868095377
"11355_2",0.03481486303175013
"9274_8",0.9882525894288023
"4521_4",0.8141482611020455
"12208_9",0.9821952588288068
"4948_2",0.03849166782841226
"3732_1",0.04122603334889726
"12096_10",0.9596615313120296
"7135_3",0.12441816269782173
"10310_8",0.9329891873395098
"1959_1",0.025777010781457905
"10383_1",0.037887703525234795
"106_9",0.9876308346328685
"7085_7",0.9664942497843436
"11070_8",0.9905551673702232
"6850_10",0.9881185312171638
"12476_4",0.04167748256509072
"1917_10",0.9845686421474086
"1341_3",0.042987263322299935
"4062_1",0.061857661868794454
"5594_4",0.05470793648868301
"11963_1",0.039611040210921246
"2777_9",0.9720529611733565
"9871_7",0.9364379426987571
"949_8",0.05644732178003542
"7436_10",0.9751626942649216
"738_10",0.8345904975850478
"4893_1",0.04356956194208003
"6100_10",0.935072387286567
"10219_9",0.04750133429096631
"4004_2",0.03668083940994997
"5945_10",0.9902727090067464
"10183_9",0.9883070539291514
"3465_10",0.980996584871515
"4408_1",0.03491024215976586
"5810_7",0.9799485838074563
"188_3",0.09322351768299422
"7835_1",0.05076378716795629
"1648_9",0.8471648267603393
"7971_8",0.9685778256704078
"11809_1",0.06716198646862237
"5352_10",0.851216105931336
"1476_8",0.9855322343614978
"602_10",0.9884020035213246
"9669_2",0.047694230207418586
"93_9",0.9324109184329591
"10787_10",0.9743983413288713
"10958_8",0.9724148446421585
"6608_1",0.035071854079743864
"7058_10",0.9883241271612908
"4401_10",0.9684893620872812
"9315_8",0.23890847365324108
"9670_3",0.16485419260657802
"10537_3",0.0367984282637234
"1033_2",0.042019108697870934
"12085_10",0.9109416766999754
"9373_7",0.9779773045601846
"8302_2",0.0349324143519694
"10138_2",0.03731558906792524
"6814_10",0.9726941413802455
"9778_1",0.03645675530405147
"5149_7",0.983020573187463
"6191_3",0.8550499024918586
"7466_3",0.09421905479965606
"10051_2",0.040212513816845784
"5262_2",0.04700676681987684
"2906_1",0.035844302299303445
"8625_9",0.07808603013424684
"2118_4",0.09898455918420869
"11547_3",0.03842759073770465
"11384_7",0.9883456178145915
"123_10",0.9615843369260243
"11115_7",0.8075991464267489
"9348_10",0.9877329606509764
"568_9",0.9103461140859674
"7731_9",0.9885994197552848
"6548_8",0.8815607952895247
"9235_4",0.18560948738225647
"430_10",0.9889719948712852
"10790_1",0.040322116275282316
"10691_10",0.8061216757280899
"2324_9",0.9884387574804648
"11031_1",0.15461766969855634
"5465_4",0.09092622300525736
"5545_4",0.08071790127986134
"5546_10",0.9705309444080457
"9010_2",0.05149103754254396
"7205_10",0.9822294977817165
"7580_10",0.9677594001188512
"2052_3",0.03911893954077475
"6284_7",0.9751249398363405
"12001_3",0.03482286851725148
"3458_9",0.985139286871396
"9013_2",0.042210455393359346
"5839_4",0.06237554463907345
"10809_10",0.9860014404276314
"3077_2",0.036667804051292247
"11373_3",0.036314467249002697
"7083_9",0.9913039445098202
"10846_10",0.9840014042082694
"11815_10",0.9882733452383939
"4730_1",0.06379695573084687
"3320_7",0.7977995567731476
"4782_10",0.9442560433099856
"3410_3",0.042636677030181244
"5142_10",0.9790280405916004
"3947_1",0.039928136449710466
"3016_8",0.14379443999903774
"12114_4",0.17309123129183265
"11039_8",0.9840549162018929
"5902_7",0.9680842309248946
"5351_8",0.981297632847825
"1654_10",0.9818534157795024
"5731_4",0.04003214359994141
"10985_9",0.9674880041408667
"8724_1",0.03700420709995703
"9854_3",0.8952870880739638
"2054_1",0.023181873963133735
"11385_4",0.20100064914314023
"5919_4",0.03783631263985647
"9898_1",0.0382173153667524
"11874_8",0.686607797631549
"4496_3",0.23183004266998644
"5231_1",0.038167934220164346
"10070_3",0.05410291018035827
"2345_8",0.9826249215766342
"9311_10",0.9316860751642326
"1036_10",0.9458155339206544
"6603_4",0.06729800089954147
"2138_9",0.984839034204996
"10546_10",0.9851487107635466
"3217_10",0.8979883292719756
"12188_10",0.981940286603868
"5986_2",0.15633858188693375
"352_10",0.971860428183235
"8557_3",0.2999532300685586
"10453_10",0.9907684140493618
"4397_4",0.05291162556402377
"673_2",0.2618660844004931
"10305_10",0.9906682707077719
"11985_1",0.02702688077994476
"3457_1",0.042177828687247065
"500_1",0.034696508357490885
"10637_9",0.9624408243788728
"8144_10",0.9872733914856717
"8485_1",0.04092054459872196
"1632_7",0.05297184970985481
"2404_8",0.9853202667639179
"11489_10",0.9815435297232942
"7590_1",0.039069270024690045
"12460_2",0.72427112619278
"11729_10",0.9393105925980982
"2796_7",0.9488765377454637
"8015_2",0.036350213903328994
"8258_4",0.04344663581142128
"2272_3",0.042772525384341224
"7178_10",0.9241905376237622
"8476_8",0.9852561092964626
"3411_4",0.05028880773042102
"8319_10",0.9624691186388153
"11799_10",0.9731974964761266
"8585_4",0.8290695930367191
"4640_10",0.9817915860791063
"12199_1",0.034730276508916066
"8380_7",0.9675767412333186
"8712_10",0.9851923540226014
"12482_9",0.9909445826488156
"4813_1",0.041639278295851775
"119_9",0.8893553811378976
"7850_10",0.9611447418995593
"5536_1",0.03988491417954807
"10576_1",0.03644354128230188
"2803_1",0.03854861753690362
"11788_4",0.039479913169772396
"6681_3",0.055812130035609565
"2503_10",0.9883127934408384
"88_3",0.08412632576424141
"7389_4",0.143175878208893
"8793_9",0.9832874571035977
"4911_7",0.9848223181776203
"6495_4",0.06369600396266746
"10670_1",0.045361097042315765
"2203_10",0.9905739655039343
"7588_10",0.9747013990520446
"7095_7",0.9745329603278449
"6748_8",0.9634385141023059
"10348_1",0.04158169965715176
"2568_8",0.9292902791262291
"10292_2",0.03887756033028225
"1112_3",0.037765384939390224
"5322_7",0.9320750202727885
"4291_4",0.038503168112771394
"1212_7",0.8651988187985179
"7963_10",0.9447534239816416
"6156_1",0.052321887847795664
"713_1",0.1303849265730958
"11606_8",0.986661651432292
"10975_10",0.9842111686277748
"4638_10",0.9890669830014766
"800_8",0.9512371238815102
"1389_3",0.04557501881316732
"10045_1",0.0367235738684389
"3529_1",0.1671180069963417
"1921_2",0.053913112170149255
"4824_8",0.23104803408595148
"10688_10",0.9651623177442739
"84_10",0.9893569296704008
"225_3",0.06644637273016059
"9756_10",0.9507084701352064
"7601_8",0.910301510277701
"6342_3",0.0914115067398868
"7711_1",0.05642721941640293
"12133_7",0.9211407993993197
"8026_3",0.2535917313308164
"4551_10",0.9876689247764202
"545_4",0.045220088806192334
"343_1",0.06506955741243638
"10788_4",0.8882377261963221
"8711_2",0.03876705801039334
"5493_10",0.9901719810531547
"9358_1",0.8781566927944606
"2185_3",0.035985180083923915
"9720_2",0.03629446825929687
"4481_8",0.9621218108187652
"6528_2",0.038573723381279755
"11928_8",0.9138413664877363
"6591_7",0.9807932377726506
"10876_1",0.04031084517726682
"11253_10",0.9320675351064773
"2190_3",0.04977211128622463
"4281_3",0.03834700678901527
"7971_3",0.04670105468606656
"11649_2",0.036213114450341116
"5199_3",0.05775032974284935
"12258_3",0.9106703528152441
"5922_8",0.9881455829355533
"11136_1",0.03503811043503526
"7941_10",0.9568964750944559
"1412_7",0.9897910726978977
"11053_3",0.14692717407296754
"5586_10",0.9875696300263307
"5762_9",0.9302453179424177
"8328_3",0.11092195057867553
"10354_4",0.1694369604789345
"3563_8",0.981018510942586
"8246_2",0.23192016697640966
"7740_10",0.9800845851526634
"4972_1",0.0399990336111046
"832_4",0.1571850442360875
"11386_10",0.9631006737839032
"1273_3",0.0403810020812864
"5085_2",0.05035684188026655
"11414_4",0.03889635357484981
"885_8",0.9894357923626851
"3943_10",0.9393450756011417
"898_9",0.9780786813635788
"8168_10",0.939552088051684
"9779_10",0.884961876363013
"830_7",0.96645036046945
"77_10",0.9875013966470783
"648_8",0.9878926839229403
"10629_10",0.8435021781103772
"89_10",0.9843150152180191
"11955_9",0.9122566590154421
"7883_9",0.9770106380137836
"243_4",0.09378658168629779
"5148_2",0.03712680207513804
"1056_3",0.9539684787884453
"5206_10",0.9010570241629813
"8777_10",0.9036508185496467
"2969_2",0.03744141493623514
"6729_8",0.9851923072728562
"11860_1",0.0535940279983972
"6307_4",0.7784701935588145
"11589_1",0.03738798146532312
"8016_1",0.035741405768883766
"3461_8",0.9815925378343787
"8767_1",0.034305418913276174
"7692_10",0.9205021791737451
"12281_8",0.7566563211487558
"7763_1",0.8532895333025442
"5301_9",0.986623607785399
"5112_10",0.9898758768393576
"10757_10",0.8454850853860062
"1066_8",0.9774367815220291
"5413_10",0.968593552104922
"2733_3",0.11048328599542179
"8534_10",0.9780337845440641
"5915_8",0.9403744787200046
"10566_3",0.04424054826040624
"10900_7",0.9688812250940311
"3120_10",0.9097562614802022
"4394_1",0.03516870458852107
"3090_1",0.035357048681770815
"4379_10",0.9871969011096269
"5259_7",0.17532253235136555
"10792_8",0.9908642617270907
"2599_1",0.05568307816620307
"1912_2",0.03907892608532091
"2517_1",0.9674935583956474
"2946_8",0.9901359480277091
"3020_8",0.9300540179080531
"1850_4",0.8319090334719552
"9463_2",0.04139298634698548
"1721_10",0.9679192502559374
"7952_7",0.9846029775842755
"1806_9",0.9773689873334263
"11403_9",0.9089375168932803
"2013_7",0.8955163327702202
"5556_10",0.9811776245080751
"1746_3",0.05429100224293481
"11125_7",0.9856035908465003
"9270_4",0.06829899898199235
"7343_10",0.9688461809053065
"12465_10",0.9485793465289761
"8550_9",0.928079985340432
"6213_8",0.823979094309766
"10861_10",0.9878069065650061
"4109_7",0.9504915298979401
"8652_1",0.03158475952015888
"11546_1",0.040606307948276424
"9133_7",0.9082869806822786
"5964_3",0.03417093339897112
"1575_1",0.090309847930329
"1337_4",0.23121473378311166
"7610_1",0.03411008630276383
"49_10",0.9898210160398475
"6505_2",0.03887220998630233
"7177_10",0.792142286822456
"5947_7",0.9425158514933428
"1723_3",0.041821946955427486
"9055_7",0.8389237246915965
"7972_1",0.03812014769354004
"5340_8",0.15898634621020705
"6938_8",0.07067357893478349
"12400_8",0.8941411120066041
"552_9",0.8767854465716579
"11844_9",0.9848952970138181
"1080_1",0.03758510910393118
"3078_10",0.9897522870109859
"8713_9",0.9438537888355483
"7300_1",0.036755412607091385
"12464_1",0.0833150657795487
"3812_10",0.8400947278759572
"3313_4",0.1749375072807766
"6880_4",0.061294732397573916
"5478_9",0.9857554554753224
"10951_7",0.9627838191381
"3327_8",0.9828143976410273
"6332_10",0.9372485482103453
"4385_8",0.7536162312948772
"2387_10",0.9872211498260695
"5756_3",0.050024041585229
"4020_7",0.14416295178098634
"6190_8",0.984565423850671
"517_8",0.9478967811696462
"9018_3",0.04511850213653445
"9449_10",0.9823579121099157
"10715_3",0.03985531446725859
"8195_8",0.9802338733162587
"9605_10",0.9650343640000315
"4309_9",0.9894338795851375
"1783_4",0.051785749120696056
"1658_10",0.15589290978251963
"1403_7",0.9112184322635105
"4268_1",0.03752088554416258
"4822_1",0.05071027104242689
"717_4",0.047032057723457296
"7768_10",0.9839253959090335
"7803_2",0.03465277165350537
"7190_8",0.9666663518816708
"11035_1",0.034576684063850165
"6288_10",0.9813023347937951
"10690_1",0.03426112119372432
"714_10",0.9902575332686425
"9210_10",0.9514532670170275
"12462_1",0.029992233722320395
"9325_1",0.0341723000769257
"8370_8",0.9869956214724402
"10583_1",0.03627727968439245
"4016_10",0.9920694035397204
"6465_4",0.06737206778822555
"1512_9",0.9888048081360273
"4769_8",0.9058768876515464
"11160_7",0.7598365531376583
"2175_1",0.03420216706856633
"12261_7",0.9776803188864148
"685_8",0.9538616054015536
"9208_10",0.9260009474339431
"6296_1",0.03651385527212345
"8210_4",0.044893202289050006
"11237_4",0.04259913509420663
"8139_10",0.984733333477563
"6996_3",0.20424353231311354
"5168_1",0.06192804136780506
"5528_3",0.04687349327527214
"6635_1",0.12190220377354113
"1670_8",0.9455804907718132
"7099_4",0.13218467474021864
"2239_1",0.9607895493995634
"7313_4",0.09280135894374011
"3304_2",0.09256841611784791
"10505_1",0.03532685676489404
"9681_10",0.9902810754563331
"7569_4",0.8183542355806446
"9926_4",0.14755576414319266
"8339_8",0.9764312189299172
"8553_10",0.9424097247549023
"387_1",0.05452273649106273
"4715_9",0.10883831823680253
"11447_1",0.1634665087708903
"7425_1",0.09998533752325842
"10514_1",0.04044639292658779
"6979_10",0.9291394779647539
"3104_1",0.03504994935406578
"6833_4",0.763226070873399
"5931_3",0.06992857757477779
"12103_2",0.038241228721429286
"9413_1",0.058269719882296706
"2730_7",0.22243877302114057
"7293_10",0.9475812980653127
"8479_9",0.9749317357058797
"9099_7",0.9838698709032809
"2061_4",0.08197077180677435
"4680_7",0.9754327693154026
"4067_1",0.0417062013041405
"4663_2",0.035264302198274915
"3069_1",0.03574867331507261
"8739_7",0.9474112435630095
"8279_2",0.13897294719172937
"11078_1",0.039083994646951975
"7917_1",0.03994387063525315
"7636_8",0.9802090436895421
"5071_8",0.741780046117536
"1720_10",0.9807759312348245
"885_3",0.08356446345153641
"734_1",0.036334507726078887
"6309_9",0.9849668093380186
"4346_3",0.04585436992691236
"4087_10",0.9906529797915794
"678_1",0.034802284784458036
"8348_8",0.9384644751512281
"3572_2",0.12881095102286624
"10285_1",0.8988572661985076
"11126_4",0.11442268691950173
"8071_2",0.7313784214045308
"8150_10",0.9899459753415375
"4652_4",0.0692237614077035
"3674_8",0.9865284861400909
"1046_9",0.9618053527966193
"1986_8",0.9781928122031593
"2516_1",0.9258872691238145
"11758_1",0.0376413335772742
"4747_8",0.9483524288395457
"10426_4",0.0666916377309402
"4331_1",0.03642091904312467
"9146_3",0.057992977149661
"312_10",0.971970377628312
"4160_9",0.9834226831779608
"5277_3",0.03890139211626459
"4896_7",0.9559457852055157
"4327_9",0.26553762076278037
"4136_3",0.10826671511691799
"2324_2",0.8833496316885444
"10407_10",0.9870015792906011
"5081_10",0.9722739018711252
"2892_2",0.05178492843465301
"367_3",0.04571108204302666
"6523_3",0.03561106293332933
"9037_7",0.823726002037587
"8790_1",0.03473433672290957
"1839_8",0.9786568435864712
"4149_3",0.035354439861122244
"7950_3",0.03839274210308584
"1686_2",0.06571160408427212
"7855_1",0.0391070700404956
"2844_10",0.9880659887076602
"4006_1",0.12566391389536033
"1077_10",0.7662125954421963
"9294_3",0.0809546438072329
"8866_1",0.034621974135133925
"8414_3",0.053916801677001996
"11736_3",0.06378176510007227
"11683_9",0.9562893677537669
"6399_10",0.22551051954296705
"4876_2",0.03565013377683911
"8818_10",0.9430997160441874
"8874_3",0.7042195814074783
"2595_7",0.9481781957391421
"9287_1",0.05712781425122883
"11446_3",0.053398500688569384
"10016_3",0.14475906806137448
"10381_8",0.9700019836616128
"2222_1",0.7283265695147958
"10875_7",0.8153341564996656
"5708_8",0.9204927053234839
"2727_9",0.8224804037247008
"823_1",0.041900722371010043
"3616_2",0.03682698742315562
"10522_1",0.03866355081278662
"5340_3",0.08420939591195958
"4218_9",0.9864301514956886
"6551_4",0.873576047057494
"4506_7",0.8706806906321736
"487_3",0.05386153485853225
"3215_2",0.0410908402911975
"3884_10",0.9899461416041268
"8163_1",0.05823441560822086
"4878_9",0.9634589973257459
"10428_10",0.9775067384845727
"6394_10",0.9709148633890405
"5318_2",0.039733430560807075
"4829_3",0.09905951069464576
"9175_8",0.9875428842940396
"10213_7",0.061256038870609784
"1484_10",0.9946512160861638
"9646_10",0.9865991357279429
"755_1",0.039442266305810735
"4988_1",0.04254354473538703
"10640_3",0.843710786930419
"2780_4",0.03514972834479631
"5867_2",0.03983807180509403
"9212_10",0.986405046243009
"8554_4",0.06736729613608122
"4703_3",0.08949441925640307
"8779_8",0.9873078589678413
"953_10",0.9307599427146165
"10349_8",0.9894716471458374
"3280_10",0.9811424077979435
"3646_8",0.9856031037940565
"6054_1",0.03568475826228001
"4894_3",0.0634874676432679
"11235_10",0.9537478598441043
"513_8",0.982930922832192
"4166_1",0.0543598036044247
"742_8",0.15452852430102199
"7671_10",0.9884154219775454
"2835_4",0.941618174232723
"8556_10",0.9852152466291464
"4764_7",0.9394247250822642
"1626_3",0.03478125314685668
"6883_4",0.03765411265032983
"1014_4",0.03867717306434136
"9419_10",0.9797214340642502
"7918_8",0.8154389715271513
"8912_2",0.03776948223464682
"7996_3",0.8033620798924673
"5045_2",0.05083607631091851
"9612_2",0.08642362924343627
"1658_2",0.04077922078840225
"4373_2",0.03617955377126461
"11771_7",0.833543966656987
"5458_4",0.2784718383090633
"10492_1",0.0344580340898417
"5551_8",0.8467237120722679
"811_1",0.05722217860817064
"12209_9",0.27707408577138093
"1514_1",0.04380541784922971
"6684_9",0.9898754142181646
"4604_7",0.9813716664180013
"3350_1",0.07730144790588372
"3336_7",0.972363921216267
"9645_4",0.07578637924615785
"1664_9",0.9815480500647021
"5109_8",0.9839319912525373
"9294_8",0.9821772957919672
"7439_3",0.03445129483990584
"9098_10",0.9800974739691535
"10353_2",0.037020350959879655
"2356_4",0.13959267819942775
"884_1",0.04390746391084924
"704_2",0.03471913366523736
"9429_4",0.13746745241297748
"11563_1",0.03564245982558722
"10345_7",0.9424223983517437
"12301_4",0.0473413248422623
"1021_7",0.9226633006768499
"6353_1",0.03443412605676224
"2608_7",0.9750966768002846
"10508_1",0.038605728989882196
"263_1",0.03816035244366728
"10127_10",0.984741040502459
"11517_4",0.07720407859159252
"4758_4",0.16209597925862446
"2210_4",0.12718051142467987
"12396_1",0.03508538773961779
"9405_7",0.7272210261185726
"5945_2",0.11841508729623182
"1931_3",0.05712324732210251
"3972_9",0.982765088328782
"7949_3",0.15021581542627563
"1958_10",0.9912618641451475
"5834_7",0.9841772970099729
"11040_1",0.03470651101997143
"9453_1",0.03653470671055286
"5841_10",0.9830803432718406
"1144_10",0.9885210691355617
"5678_2",0.08663313062468782
"11361_3",0.035501453818918005
"5999_1",0.03819785295332463
"11810_4",0.7483044589497724
"10502_1",0.0400815009007201
"11821_10",0.9904745207858766
"8270_10",0.9632660741295984
"4627_4",0.9396728080784618
"5588_2",0.038184903775578094
"4877_1",0.03534167620193935
"2289_8",0.9853772361536353
"2582_10",0.9906625884471651
"8749_1",0.850638907039483
"1653_1",0.03824778238158484
"7060_3",0.09252952337064556
"4299_1",0.03586756467299649
"7198_10",0.9452357719719184
"5597_9",0.9570221445744356
"11592_10",0.983792866602872
"1516_1",0.03572122255971599
"1428_10",0.9317808018559876
"9349_7",0.8878517695730253
"4182_10",0.9720785328172727
"522_10",0.27941369114423165
"1942_9",0.9910881945683502
"2570_8",0.9799933299994183
"1188_2",0.06574858123758086
"7454_10",0.9913189638147168
"6859_8",0.980279598928792
"4278_9",0.9530887820240493
"3538_8",0.7546074691164173
"6499_1",0.1043705671201554
"7715_1",0.03470335786341259
"5847_1",0.07210657350597258
"2109_10",0.9860223905439907
"7570_2",0.0630570452170906
"3725_1",0.035963775376385176
"8736_2",0.07348839310087707
"2007_10",0.9934881409973667
"9738_10",0.9787846281895524
"2763_7",0.9865243885746064
"9081_2",0.052922125146344756
"6647_10",0.9858897035441282
"11207_1",0.1644776612599972
"5182_3",0.03602446301942162
"2171_10",0.9363377010117084
"9091_1",0.7650693785426312
"3970_3",0.03506031249285444
"7432_9",0.9728821356424717
"2169_2",0.034650041014959304
"720_1",0.040309910125552705
"866_2",0.03428938912217314
"567_3",0.8440461821365054
"11812_8",0.9636045541935094
"11195_9",0.9269810695687746
"5877_10",0.9868520423817219
"5526_9",0.9865294156381668
"792_8",0.16333469485943103
"8673_9",0.9898480168284336
"5163_1",0.04493228820957274
"4722_8",0.9567241682184675
"11423_8",0.6971030041059387
"3239_8",0.9735193311086309
"2235_4",0.18785842292676636
"5799_3",0.03824883709691748
"8592_2",0.05064888609884403
"5229_10",0.946484768695428
"9285_10",0.9895650516554504
"6092_1",0.1686354421443199
"8940_10",0.8228513388927865
"12220_8",0.15485586655453656
"4417_10",0.9857475893750907
"10462_10",0.9612252797303286
"3241_9",0.8661532099192761
"8744_10",0.9903591338641334
"1016_3",0.11725430471429552
"7382_10",0.9764726504142687
"8458_8",0.845652984790802
"629_4",0.17277637616624653
"1971_3",0.08397156500675139
"4471_4",0.05141086261525398
"7890_2",0.0424154277195059
"10164_4",0.15446178954605
"2176_8",0.9752402176743886
"2500_2",0.16262514520783608
"1155_2",0.038732317877742596
"7102_8",0.893365121799292
"3618_10",0.9853629724278774
"4940_3",0.04379314970603291
"10263_3",0.04827923872551802
"12495_10",0.9664206762062623
"7170_9",0.9804061224914701
"7322_3",0.937198420203492
"2938_10",0.8366357173666453
"8128_8",0.9679658332618182
"4900_1",0.03728853606347015
"5672_7",0.15747917111367285
"3387_10",0.9888317895787626
"806_1",0.0501972195631986
"7385_2",0.03474498368216307
"3043_4",0.03536133681138058
"6845_10",0.9803736847886506
"979_3",0.08771805396378939
"6853_3",0.07444103483335456
"4871_4",0.10197511482292479
"12172_8",0.21864331974301487
"4105_2",0.037610773264807065
"3171_4",0.06816220557865497
"8686_10",0.9801180369088806
"10187_1",0.03636367845900863
"5305_7",0.8689503036185416
"1728_10",0.9738926675378282
"11284_4",0.8742352317586966
"443_2",0.04796803853224386
"8542_9",0.9870789474241248
"7634_2",0.1380970041646163
"2598_1",0.09017178526268531
"124_2",0.03961644726265862
"10145_8",0.9652314948294048
"63_1",0.03408052759197954
"5522_3",0.8852851990189895
"1264_9",0.9492243234233024
"12181_10",0.8661421375639767
"6508_1",0.040255420158316194
"2146_3",0.04006762708332139
"5449_4",0.04326681933371915
"2660_9",0.9894439851436894
"6594_4",0.04154938901655828
"6285_8",0.9537031068786366
"12200_10",0.9342205160469857
"6710_1",0.08597116865802394
"10399_10",0.9103971141507744
"6703_1",0.03625588227657321
"5795_8",0.9428080220774362
"3427_4",0.03855373128651298
"11306_10",0.9797598624816068
"6641_3",0.038602773801644744
"9364_9",0.8617423608975372
"6963_8",0.05287529709948343
"6896_10",0.7959448241098994
"10154_10",0.9666444399632117
"4690_10",0.9879225883149938
"8125_8",0.8988661139217686
"4978_1",0.05939139111856333
"4999_3",0.03225245034270491
"8921_8",0.9202324741222503
"6089_3",0.03925197198366647
"12279_9",0.9800981554637666
"1209_7",0.9852177908526784
"2083_7",0.8890014970837079
"10162_10",0.9807702251063892
"1266_4",0.8261746619962237
"10892_8",0.9837068958733638
"4864_4",0.04100581633918128
"10743_7",0.9697335438499786
"6427_1",0.034614719032083796
"8633_1",0.044573557377534316
"6158_10",0.9763864477463724
"4952_3",0.03445523721747599
"7508_10",0.9563313247805793
"637_9",0.9328889345751266
"6734_2",0.8726421702296562
"10685_1",0.037832097917999574
"6269_4",0.2648948721574774
"9073_8",0.7773796264090067
"9551_2",0.03691504231454585
"5499_2",0.040159705434198494
"3573_4",0.03737897612214574
"12089_1",0.13732170821689582
"3962_1",0.058245649575559215
"2169_7",0.9675401727836525
"959_8",0.9487659441544558
"10514_9",0.25934632476696906
"4430_7",0.9095008862552468
"10802_1",0.20075584921272455
"280_10",0.946321973312225
"8041_3",0.8113985364416568
"9040_9",0.9893614086571194
"10653_1",0.07088161559715511
"10783_7",0.9806375222651196
"4711_1",0.035162716436604624
"1523_4",0.9028947352363148
"3903_1",0.03528634202855625
"4216_8",0.8678912159328525
"10108_1",0.04015320823281578
"4098_4",0.07605642259116205
"9433_7",0.9683915708099854
"11013_10",0.967340021994248
"3968_10",0.8603570661312918
"7916_3",0.043504250630479704
"5859_9",0.9716540029628699
"11194_7",0.942107228760192
"9376_3",0.037944274623999796
"1808_4",0.04252214260175063
"12029_3",0.12414074078910178
"5854_4",0.03905764024168577
"6573_9",0.9875968465693831
"6747_8",0.9766077829577875
"4366_1",0.043619582500767425
"5868_7",0.9622614941819447
"7712_3",0.04142476973145005
"11617_1",0.03140424867474733
"5362_10",0.9134101181565915
"1950_1",0.038962115198197825
"9724_1",0.04076451787032448
"7537_8",0.8973172385329391
"6950_1",0.032840853747445185
"6035_8",0.9901188932437139
"11191_4",0.8977911876412744
"4759_9",0.9899425023876635
"1228_7",0.07974876247849141
"10380_1",0.04483361093361854
"271_7",0.948293907446025
"7826_9",0.9256504056237577
"4336_2",0.07119963895947015
"4209_2",0.05590804724637337
"4898_7",0.16695555640961587
"2987_1",0.03418684815122531
"9976_4",0.11698892838701061
"7521_10",0.9169877063213446
"5680_2",0.03709631811903108
"4310_10",0.9747844277897031
"4484_10",0.8931410940748961
"5748_9",0.9866809781166421
"6798_3",0.07814800607599846
"9598_10",0.8724921818324846
"4834_2",0.03856466131720156
"2505_10",0.9914807789268857
"1984_8",0.08969981707180383
"476_1",0.16542743619250794
"11578_1",0.03772381698247627
"2223_3",0.12670502863276942
"8215_3",0.060482513469656114
"3108_1",0.04146123652782298
"4371_1",0.03968006928894886
"12399_4",0.0369166227943838
"4913_1",0.03470226627735279
"8431_8",0.9651979548913333
"3445_10",0.983802691633392
"8268_10",0.9867714914571225
"4271_10",0.9334215920556972
"2136_3",0.039226047070591435
"2479_1",0.05222916523699517
"11798_2",0.0938290820118581
"2893_10",0.960291911320363
"7754_3",0.04142494918652717
"7568_10",0.9793047689850677
"6221_8",0.9901281851274986
"1687_10",0.9851174215585249
"4744_1",0.036937254938272795
"3730_10",0.9523416154402503
"7543_10",0.9418899294997245
"4449_1",0.03432497211151576
"2802_8",0.97072401565911
"2834_2",0.03663614146849925
"11243_2",0.8643432573040436
"6638_10",0.9082623256976557
"3299_1",0.03505827014021515
"1378_10",0.9453706742699249
"1867_9",0.9857721419593896
"3371_1",0.0379770336380909
"1340_10",0.9840408231439468
"1810_10",0.9710867928864286
"11773_10",0.7927169233141975
"2111_1",0.06865749049834854
"2234_4",0.6718519684599857
"4958_7",0.9728180003741961
"3514_1",0.10483477896274318
"8488_9",0.8886333944239658
"1650_4",0.0700398055119652
"6538_3",0.05278035548818835
"9930_9",0.994863680989241
"10594_1",0.035179291882926796
"6248_8",0.9635626144540735
"1384_9",0.9883392933377462
"11526_3",0.09076891981135185
"9847_10",0.9834129005049391
"8994_1",0.03605528733706524
"11595_1",0.03960997526749649
"9840_7",0.8587335776465808
"1027_9",0.932060964365202
"11691_2",0.03798457047441833
"1154_10",0.14215088197921988
"4599_4",0.03907371564030778
"2126_1",0.051929164108457826
"10719_3",0.04323169328875661
"11925_2",0.03676723594556961
"1938_2",0.036768336938094545
"7233_7",0.9116627140107928
"1747_8",0.9901444707992061
"4994_8",0.9298392256095529
"10696_10",0.8934739107972909
"7348_10",0.9839436298183981
"9121_8",0.8734065435093002
"902_10",0.9122509567536916
"8046_1",0.03534949045857741
"3604_7",0.08499289749403127
"4886_8",0.9881323357441927
"2821_10",0.990992619353401
"10180_8",0.8564607442368183
"11376_10",0.9869097496268675
"11195_2",0.03640131485603365
"5625_9",0.9855583772584691
"9284_9",0.9889213953832765
"6747_1",0.11146047861960555
"3910_9",0.1722661685593249
"11412_7",0.9901742181424467
"2456_10",0.9867999116351683
"6105_10",0.9836930695135431
"5732_10",0.8107575095141613
"1960_9",0.9438823998244187
"6363_7",0.9436230025293177
"9596_10",0.9789937929186997
"8605_3",0.03837430718152642
"174_2",0.036000237400118186
"8251_1",0.03598767773092382
"8567_10",0.903268434654221
"7007_3",0.11122482506291477
"2418_8",0.9835949683186125
"12030_8",0.9736758724703639
"7626_7",0.9722989825752819
"6070_3",0.05529064657240548
"802_1",0.040265296492280986
"10801_10",0.9584817935585959
"8559_1",0.0386081551565363
"2495_2",0.054599722753838086
"10777_9",0.9748164336901718
"2958_7",0.952614640113524
"3701_10",0.9610375178648097
"2754_9",0.2585227238792576
"1210_1",0.0420656137804999
"7830_10",0.989436214341717
"4523_9",0.9854898112066143
"12408_4",0.04029634913217793
"5748_1",0.03470997320749555
"3982_2",0.03803922426383427
"9658_8",0.9870843226995788
"73_10",0.9797569231895287
"3952_1",0.04260290774218259
"4064_8",0.7135582455434648
"9835_4",0.04180615945298999
"12463_1",0.03700036431312797
"905_10",0.9617985183487237
"5634_8",0.9523524632956859
"800_3",0.035349543203153595
"11576_10",0.9898963354901371
"8546_4",0.08548430451752058
"8456_1",0.06662978471904588
"163_1",0.05029372295633135
"7616_3",0.037974157795745485
"17_3",0.25660084750076584
"620_2",0.034655056616556414
"4250_4",0.11748430893825823
"4403_1",0.03473254702443919
"7107_3",0.9102002861741896
"9691_9",0.9763041315255163
"4069_8",0.9746872548614274
"3747_7",0.9790822643119826
"7930_10",0.9887635515381841
"1088_3",0.06997326510112353
"3683_1",0.11806587274997594
"11138_1",0.05681254015211475
"1825_10",0.9814427800782262
"9888_3",0.036348784629315
"8079_10",0.8125014115333027
"1508_2",0.03575393990489117
"2471_4",0.04042220971043253
"5238_7",0.25358518822405673
"4947_9",0.9801024568958624
"1791_10",0.23848117519917758
"5824_4",0.039035338958516456
"10408_2",0.0803780037108917
"6053_8",0.9664639601257359
"6811_4",0.03527503654545626
"6398_4",0.04901833615824741
"137_7",0.9534268407087751
"3920_9",0.909041925355638
"8179_2",0.1609782543514304
"10602_8",0.18354153209167615
"10509_8",0.9595817892914517
"7346_3",0.05151276460442599
"2663_1",0.05873393641022236
"1342_2",0.037376117616472464
"5714_4",0.03851453445567252
"9669_10",0.9761926477397491
"6038_3",0.1613449809653944
"11957_10",0.9672123996758736
"750_2",0.035229181051932616
"12386_10",0.0755150101612734
"7178_1",0.04088249314416901
"8070_8",0.9057256463418034
"8993_1",0.03537995429209327
"1178_4",0.04964245385047282
"10457_8",0.9850807407661129
"5287_1",0.037882234519923
"3098_8",0.9733746470299037
"3505_8",0.9878262045871741
"10271_1",0.9023822116717792
"4354_3",0.03401848451561882
"4817_1",0.041224521623885076
"11313_1",0.0665429301701265
"9023_10",0.9292557281482968
"8404_1",0.034430307585462956
"11847_1",0.03442797166808198
"5374_9",0.9790753877922181
"1009_8",0.9881031748676136
"4197_1",0.03458618410275157
"10803_9",0.9217886655876036
"6609_9",0.9448855310887176
"519_1",0.037628932359208216
"7675_3",0.038215345152314284
"10204_10",0.9871615707260475
"10565_1",0.03436184547150829
"1641_1",0.03897566284691996
"11170_10",0.9877300599652816
"451_2",0.03311222227338138
"4526_7",0.9630257220578089
"5639_9",0.9423678322019242
"5642_1",0.03678171705313112
"9159_3",0.9573429323557013
"11173_10",0.8688923205761092
"10772_10",0.9590917334260909
"11172_10",0.9785168708632647
"10213_4",0.776019743864105
"11256_9",0.9797258362038287
"5863_1",0.03702813580318713
"5125_1",0.11322873274434915
"5624_10",0.9638761049041826
"10355_10",0.09569171888281373
"6623_1",0.03911388854726433
"3674_1",0.03908671476645209
"540_8",0.9071823010350973
"5202_10",0.9536722703128057
"9644_10",0.9911611968085416
"4780_1",0.058587046036433436
"2002_9",0.824550486400037
"7228_10",0.991060975017369
"4036_2",0.034169882077296515
"9925_9",0.978919080998608
"1137_10",0.9695219979372698
"5679_1",0.05154872776133783
"9162_2",0.03558620094929107
"2849_3",0.032861424866443036
"3546_4",0.036008039217875286
"7164_1",0.03922081374395722
"1749_10",0.7716406089758272
"11988_2",0.04936025138908333
"365_10",0.9799638051249867
"7340_10",0.9815714412461471
"1543_3",0.042058390558107256
"6008_2",0.03699046216933837
"2230_4",0.056714622803654115
"10105_3",0.03595062180438557
"5443_1",0.04152209529316939
"5024_1",0.036080607612528445
"5630_8",0.9796855727248883
"7603_10",0.9748830634737663
"12205_10",0.8997110810733853
"5910_7",0.9571484167060577
"7006_8",0.9845173887887466
"3287_10",0.9322471102889326
"3136_1",0.06137074269591998
"6547_4",0.7504515614862275
"9329_1",0.038216156599215345
"1679_10",0.9724539964924115
"1659_7",0.9051036138178588
"2015_1",0.03553985544886037
"5236_1",0.06474450924482031
"2201_2",0.03909054748739284
"6026_3",0.8605696712087362
"12093_8",0.983728435857006
"11394_10",0.9098960774496783
"9512_1",0.04822386790141887
"8401_3",0.18721983795258593
"5239_8",0.9871855557725523
"5018_10",0.9775725143726622
"38_8",0.9890776384751492
"2968_7",0.14176090543424635
"5359_3",0.03658758838289123
"10419_4",0.9148897485429829
"1551_4",0.12597128913951183
"11346_1",0.049947812872307935
"809_1",0.05718881724322941
"9823_4",0.061226832734343734
"10125_8",0.9832880209673482
"8819_10",0.9884424839812869
"9038_4",0.04123850977109122
"1968_1",0.040197683512015116
"6642_2",0.03901676875135585
"9015_10",0.9888310205313704
"12198_2",0.19457566991084996
"2758_9",0.9725153687236741
"9206_3",0.039744089763057204
"4370_7",0.9671867573549839
"1985_2",0.10100567407586511
"3031_7",0.9793330396065446
"10172_1",0.06137142825159674
"4527_1",0.034908497415047555
"5458_9",0.9900629047835948
"6534_1",0.10820143184414843
"4347_1",0.03940621694080452
"11152_10",0.9597935209402374
"9238_3",0.17198512162172824
"6161_8",0.9879958674156373
"2299_1",0.10895123906031955
"1133_1",0.8553842898209523
"11774_3",0.06416932491571957
"1095_2",0.04121144727479091
"11311_10",0.9329306740541309
"1126_1",0.03431419963104726
"2385_9",0.9825278722821151
"10710_10",0.9882551622928802
"10106_1",0.038529939397418805
"3363_1",0.040227394842613264
"11480_10",0.9891523381672809
"5183_1",0.024590726372824914
"7100_7",0.19859709455664182
"752_10",0.9884014268622144
"11958_8",0.0730156405139559
"2518_1",0.038407173279906795
"4744_9",0.8630593509285186
"53_7",0.9469916304716419
"12289_1",0.6738538049053606
"9239_4",0.7550879851065144
"8758_10",0.8442744513669755
"9050_9",0.8784831255573289
"10390_7",0.9735283503498513
"11780_8",0.8175191060524188
"9518_1",0.03958105467831334
"3442_1",0.04965900972894638
"6316_9",0.9693429586217863
"2826_9",0.9873309734393835
"5908_10",0.9890377502010377
"3720_7",0.9910105429769108
"8481_1",0.025868298344359983
"1188_10",0.9908924282231925
"2784_10",0.9135122317061805
"12352_3",0.9356140711494934
"1771_10",0.9832520840466923
"5255_1",0.15176480071603676
"328_4",0.8865488331279068
"313_10",0.9658568884807652
"10530_1",0.035340135545693235
"4866_7",0.983565598304718
"8936_1",0.035831972653772526
"10029_10",0.9463103403868739
"12383_10",0.9198646185451866
"1922_1",0.10739281959118449
"3012_7",0.88855792561647
"11593_3",0.0586533189961134
"8661_1",0.05020012216428895
"10457_1",0.03805166470553119
"8074_4",0.983260297174482
"11993_10",0.25287825411454323
"6_7",0.9851889137342638
"2542_9",0.9668574377587136
"11454_3",0.039722701664327655
"6776_4",0.9457968225266775
"9466_1",0.7224988574306999
"11100_4",0.036794924242162595
"6429_10",0.9797040957572737
"11218_3",0.2257900182823649
"8310_1",0.04115259298373264
"7432_4",0.04049540554591952
"10115_1",0.03873166185533692
"11127_7",0.9803569471906071
"3306_2",0.035634899916809334
"6998_7",0.06122191434041044
"12166_2",0.03759784333061036
"7792_10",0.9069972538581063
"9250_1",0.03716221053891061
"3351_7",0.9705946990131165
"3350_8",0.12009505387982088
"2393_3",0.08410080032748019
"5473_3",0.05015398607345199
"73_4",0.041964233610210774
"1504_1",0.034771322800623165
"10317_10",0.9703951659533756
"5795_1",0.03901180067856052
"1511_9",0.07320824014148739
"2537_2",0.04616197346954672
"8010_4",0.03946141538923823
"1616_3",0.8632398068922857
"4332_2",0.03802148712480681
"8499_1",0.038587661079594604
"1636_8",0.8848789312584023
"7752_3",0.06654209503023517
"5848_7",0.9395434092499686
"5370_2",0.7986549612041751
"10600_10",0.9399587780806031
"5501_3",0.0660605851717758
"9948_7",0.8119567321685313
"10683_4",0.06319593099814283
"10013_4",0.2557939102435984
"11704_2",0.037854202976376386
"431_9",0.9239054752375758
"11855_10",0.9870178462548959
"2671_7",0.9705754750976072
"5831_2",0.04267223897423352
"7920_10",0.9829019078524299
"276_1",0.042313501365489246
"6245_2",0.04460418475997114
"89_3",0.0835352562279393
"7871_1",0.03574717053173654
"1707_1",0.04114673067620845
"6640_1",0.03743201762252652
"723_10",0.9560646842899291
"11391_1",0.15603377056560572
"3534_3",0.034061818280160076
"10449_10",0.9724901521333147
"180_10",0.990880507417315
"5128_1",0.03573898261299206
"471_10",0.9849465354060777
"2341_10",0.9829635018510371
"3204_7",0.8885327618468615
"1818_10",0.9884332955743705
"4489_10",0.9166469466148193
"12034_10",0.7262511393749888
"11264_10",0.9863884628670904
"8077_7",0.11355857577031528
"12206_10",0.91750971389648
"11549_3",0.038363057416258596
"8993_10",0.8836449797106019
"1937_4",0.11496233695894403
"7778_3",0.0612020672186919
"9714_9",0.1555130479168052
"7219_4",0.035628854064807945
"6518_4",0.04204593724004582
"8421_10",0.9811761122370235
"10563_2",0.038572208578982636
"2527_9",0.9840122124404272
"11147_10",0.9822896726670863
"832_7",0.18708803722118028
"8972_7",0.08622988489433517
"2311_9",0.9819001516743657
"6794_1",0.037055345428888095
"1769_10",0.9888502353967651
"11130_1",0.03653175741635017
"8331_3",0.04461635579032231
"5564_10",0.7760315753028968
"2594_10",0.9547451195918583
"11037_1",0.1509822895600612
"6679_9",0.9096292958519088
"419_4",0.16225959328591605
"2635_10",0.04868828489620513
"4436_4",0.22439858892460612
"10972_1",0.0367971395096297
"708_3",0.1419413383016921
"9113_1",0.03728268914397144
"1438_9",0.9862844228648302
"2048_4",0.02636870882489487
"4488_10",0.9065250797821502
"7889_3",0.17363452875227595
"11498_9",0.9869675001097888
"8780_1",0.0728170626941393
"2036_7",0.960373698258446
"1861_1",0.08907363194592903
"581_4",0.14759380052696147
"9253_10",0.9792899008532158
"977_4",0.08061395785446895
"5693_7",0.9283004273216754
"6515_9",0.9526664109290034
"9378_1",0.038599691290625585
"6695_2",0.040913667351403206
"8507_1",0.04352313002634283
"829_2",0.04170377617446378
"11023_8",0.9856699123505522
"70_1",0.03576574944404793
"3669_8",0.8721745364560664
"10033_8",0.965799926366683
"9158_4",0.1762617441319421
"817_1",0.04270598938319966
"4679_1",0.03998074554585143
"8133_4",0.04022187502214165
"3531_1",0.04110409968329801
"10742_1",0.03695129477576408
"5579_3",0.039401254064798115
"9041_1",0.04277789072161899
"4938_1",0.03931472532069736
"4246_9",0.07932750938175082
"4275_9",0.3096851873495763
"6819_3",0.03773225895081619
"6327_7",0.14830106412106198
"6101_10",0.9711968514221163
"11852_2",0.03683614427418204
"10252_10",0.932884011335334
"4348_8",0.7481478438552491
"5328_4",0.16717314203005224
"11964_9",0.9825301810733341
"8634_1",0.05206038366529832
"3702_8",0.9836144960450086
"1677_2",0.03674462332186456
"5907_1",0.047873589962939535
"8432_10",0.9611269784835829
"3570_3",0.9399964218256157
"9624_10",0.9733476622787196
"11466_4",0.07608872650560317
"9062_10",0.9891733449065564
"12336_1",0.03454340228394227
"3476_1",0.03803337239587743
"7033_2",0.034306209068400643
"2660_3",0.2663551916560188
"741_1",0.03912865068237926
"11490_1",0.04178271640873874
"6580_7",0.9806014634755786
"1807_3",0.04416096083159409
"4785_1",0.039668282892251126
"6319_10",0.8830348806853312
"4437_8",0.9891684161476959
"3533_10",0.9897526956774465
"12119_3",0.09842250318104895
"151_8",0.7739419648160794
"7829_7",0.8695432353805256
"5497_1",0.03977745824569688
"7477_10",0.9668978040435559
"5879_10",0.9880637398628521
"8068_10",0.9494811983021025
"7989_3",0.8886746253904229
"8480_10",0.9695768941640244
"10352_10",0.9599184202329174
"120_2",0.03803539713033197
"10135_3",0.03522844563036504
"8091_1",0.03471721176702359
"8505_8",0.9670201523992881
"3282_1",0.9055015561149449
"11570_10",0.977642110408109
"11052_8",0.9905377340959347
"5549_10",0.9733523071969477
"3891_8",0.9856996235710993
"3537_9",0.9283548378560146
"8503_3",0.2829394653453143
"3995_4",0.04498292224765491
"10979_3",0.035985180083923915
"11681_1",0.04693395399846451
"536_7",0.09455991555002277
"11739_8",0.9855408954579425
"6951_10",0.982883011090696
"6210_2",0.09474399411713993
"1449_4",0.0727998915646445
"11860_10",0.9638089137055739
"11149_8",0.9871962021064621
"4021_7",0.9841717245531212
"5104_3",0.13513213760915355
"2989_3",0.039110831913979745
"10112_10",0.993727109674342
"6718_1",0.03469328321147887
"7654_4",0.044819728929104935
"9481_10",0.9715497504546899
"7984_2",0.03577709552540615
"1348_8",0.9731092291389767
"11079_8",0.8550257908307864
"9554_10",0.9479373182746909
"8617_8",0.9842280729417755
"315_8",0.9861069236765538
"6085_8",0.9910477536698254
"1823_9",0.989876529423309
"3208_10",0.9911522172435563
"924_4",0.9191248619779762
"6479_10",0.9521638250510754
"7017_10",0.9102131642322114
"8595_4",0.8226872624566246
"4532_10",0.9870429486842858
"5145_4",0.07758073737347411
"2358_7",0.986115495422913
"11151_4",0.05293102556924697
"10238_7",0.9880150629635278
"564_9",0.8306318321848294
"4054_10",0.9891794653620993
"8852_9",0.9833481558917774
"10137_10",0.9881597407329679
"7014_3",0.03526887946955246
"1533_4",0.034498341413704614
"8257_2",0.08611789555415518
"8719_8",0.9342026426600905
"5041_1",0.037318074092636835
"1469_9",0.9799355707912485
"11726_3",0.04171869838251984
"2002_1",0.03568109275955551
"12293_3",0.03771217774052353
"3672_1",0.03774818665724128
"11110_10",0.9871738774135452
"3931_1",0.9437894536461441
"6972_1",0.04786262025657641
"10186_1",0.03551028879031734
"9265_3",0.04982608017862723
"7412_3",0.046417548104658125
"5427_2",0.04101203832139422
"5006_4",0.11861846977866794
"3199_1",0.0398426170506975
"6256_8",0.058932056948443744
"418_9",0.9813586431751421
"8834_9",0.9794068179901583
"5093_10",0.9889394162713132
"3190_2",0.035798856086880874
"12360_4",0.03457341789115435
"9477_1",0.04530723416445946
"6085_1",0.03580020198247406
"7773_10",0.9839340687627265
"255_4",0.05854909843367341
"1661_1",0.02978216148017235
"1627_10",0.9759213317339072
"9204_2",0.03892692264905365
"3704_8",0.11138501955388903
"11898_9",0.9890736599317635
"1137_1",0.03742009214770375
"101_9",0.1705350781725158
"1142_1",0.0341830153545154
"5314_8",0.9856226260884504
"10932_4",0.036768392323881675
"9639_2",0.041005014863053225
"12125_7",0.9889140831094881
"10998_1",0.03504352320528326
"5186_7",0.19119736365206969
"10340_1",0.9445840232668286
"7419_8",0.9746469562999349
"6929_3",0.04018194097867894
"7238_4",0.03856960400978938
"10869_7",0.8369415997570924
"4106_1",0.025214545092710563
"6589_2",0.06677773683055675
"9619_7",0.8977066249479783
"7116_4",0.7461388380923089
"8889_1",0.03448485424332241
"3901_9",0.9896166459913381
"7052_7",0.9261045996843216
"6439_1",0.035074222708061285
"5309_1",0.10171440234710792
"4515_3",0.04394040942925517
"3029_4",0.22625470002445724
"10310_1",0.03702437170494448
"12350_10",0.987885599144134
"532_8",0.040335044495785365
"11145_8",0.9587607880887725
"75_10",0.9881039881238285
"6137_3",0.03863102346001514
"1637_2",0.03814910035661471
"12327_10",0.9892667192190865
"2177_7",0.959275885383443
"1879_1",0.049011012761868256
"8745_2",0.03458372171834453
"3099_8",0.9520752283914719
"7354_4",0.03735479492584501
"10103_1",0.03435720276140673
"3296_10",0.9839287189897337
"8494_9",0.9863291921127859
"3423_4",0.15831547726723563
"7609_8",0.09831841637685323
"4265_10",0.9268215622923793
"1872_7",0.9758123069629999
"10987_10",0.9780488400806828
"2849_7",0.9771142582629679
"628_1",0.04357200438938741
"1391_1",0.03974565659881691
"7456_1",0.03551293826169451
"12150_1",0.04007635847388724
"7718_9",0.9851007549830904
"5787_3",0.04693437435140853
"12162_8",0.963412939820997
"11670_7",0.8086582632219476
"1784_8",0.8936710458520092
"7483_8",0.9745074782998006
"9564_9",0.9750940786035951
"10832_9",0.8907896403555562
"12230_1",0.03524007379401293
"2291_8",0.9882749894916468
"8416_3",0.14299345043019265
"9486_10",0.9775483468565159
"8153_10",0.9884658953590162
"5164_10",0.9751721458359172
"6347_8",0.9841664579653833
"7773_2",0.09512307579487
"12215_1",0.039340637105586974
"10039_8",0.1494768607690811
"9803_9",0.9836912861525546
"1589_1",0.046899303905862125
"1615_9",0.987935344053516
"119_3",0.036413215190045325
"623_8",0.9891109185728564
"10427_1",0.05550936970557498
"11697_4",0.06419085617036367
"6168_2",0.037828726858053115
"2658_3",0.03873219349928101
"1841_4",0.03741416549143427
"10572_1",0.07851717615202253
"6964_8",0.043994352687652734
"5172_1",0.045946600555277266
"989_7",0.8910708154640004
"159_10",0.9904827627322085
"5240_1",0.03552166719906624
"11777_1",0.035836050194102666
"8350_3",0.03678688470526255
"2565_1",0.04399905147946792
"7694_10",0.9909907660872738
"7759_1",0.051567824636656386
"3003_4",0.05783232322090019
"7128_2",0.03135974068892361
"8147_4",0.03748496982214166
"6595_9",0.8600752134991074
"8949_3",0.12781979605822846
"9848_4",0.050365655596414274
"7496_8",0.9502810276780143
"11857_10",0.956029483339169
"3237_1",0.0406621686973939
"5404_1",0.03632580974305121
"10699_8",0.9562406162365504
"6138_4",0.04975258481800728
"909_4",0.7303325196980838
"11833_10",0.9891303151325015
"11817_10",0.99108453944623
"171_2",0.1442928525081796
"2517_7",0.2850747497735274
"10307_7",0.8502768922137656
"370_2",0.07338025022296688
"5995_8",0.9408485796112163
"4612_1",0.03925201106831205
"6561_8",0.9313292903971979
"7454_1",0.0344187783458872
"2951_2",0.03741807521938577
"8860_1",0.035694722468947684
"411_3",0.040763880641445586
"664_3",0.03452182384562752
"4345_10",0.8826149900204541
"4452_1",0.22077874028190703
"2833_2",0.030688100214854994
"10374_3",0.10065859898574431
"9322_1",0.03895181435212385
"9923_3",0.041848133806244664
"8687_3",0.03442733420459852
"7567_9",0.9813066389088052
"137_3",0.03755998679346809
"7872_1",0.035026323103100714
"6968_4",0.12422225610514712
"1540_10",0.9592247244253773
"9157_10",0.9192792728677325
"4102_10",0.9719199014077863
"6645_1",0.8327467486713895
"7630_10",0.15804340371873835
"3958_9",0.9859044966691562
"11437_9",0.9691983670949545
"6982_1",0.0637090259919754
"4870_2",0.6952933607993032
"3545_7",0.9727113732208168
"204_1",0.03560099064319945
"6844_10",0.9590566554339872
"4736_1",0.03662890550613284
"9120_9",0.9557038310779893
"1608_1",0.03720192714766485
"1251_10",0.9841918654621272
"12315_10",0.9886083464924239
"11754_10",0.9915174817817429
"2399_3",0.0768130924451076
"11499_8",0.9894524373316467
"3870_10",0.9743976011220519
"5503_10",0.9855717990158592
"4045_10",0.9547739047085312
"3063_1",0.04224849020492541
"10914_7",0.11240638823385528
"8509_10",0.9253330339918853
"5872_1",0.03478784998332284
"5729_4",0.03925547794831266
"10865_2",0.04218363191386034
"10218_4",0.09305780628738239
"2096_4",0.10999127290840145
"11344_1",0.04135026268740058
"10623_2",0.03991686512129993
"11241_10",0.95850079196884
"7254_2",0.12981220098945773
"7892_1",0.03420006358169755
"3472_8",0.8607417343368318
"11637_4",0.11637794152582107
"11853_9",0.9845858630826243
"1096_7",0.9707374216877646
"8508_3",0.059591379010731235
"9400_10",0.9933870666238478
"1128_10",0.9668491618622045
"5989_10",0.9638085218499094
"8021_1",0.034283666141646144
"7860_10",0.9865068378511637
"1131_10",0.233446586220498
"5589_1",0.05364541580039235
"5662_8",0.984298975634897
"2161_7",0.886510738494803
"323_10",0.9878653439171197
"2431_1",0.7829138032042899
"10147_7",0.9234706028756663
"2956_7",0.9321425150382486
"12005_3",0.07655432880280554
"477_2",0.04523459106864074
"202_9",0.9904790836516919
"5710_10",0.9930961552190871
"2262_7",0.9885235632328322
"7103_8",0.9632672696875715
"10237_3",0.06276701547579219
"12151_1",0.039057285379168555
"7485_2",0.03464848798744978
"2438_10",0.9726619607902669
"4069_2",0.03676432773378186
"5593_2",0.035072740676487475
"11163_1",0.0408522788639954
"6754_10",0.9926888934917363
"9147_2",0.03714838027729375
"9614_10",0.9896013621679741
"4427_7",0.9096095022083526
"1382_1",0.037276156476529126
"11132_7",0.9354141515873564
"6371_3",0.04008619127155551
"11221_4",0.041456076041438666
"10071_2",0.17081603293679012
"4936_2",0.047515609967796336
"1797_3",0.09005228758492066
"6692_4",0.7836828993183407
"5816_1",0.07645746988620897
"6163_2",0.038195802324191036
"2042_8",0.966778643192991
"856_3",0.04121269684943754
"1233_10",0.9857622693416604
"9537_10",0.9671594033379766
"9504_9",0.8005255422448561
"788_10",0.9682005157297996
"3399_8",0.9828929918171505
"7142_4",0.03503223383770943
"10371_4",0.12336377804327818
"760_7",0.9679609167644171
"3614_10",0.9803217669571124
"3314_1",0.06546085493073352
"3447_10",0.93732955677593
"12240_10",0.12505065307430913
"10083_10",0.9886392522349489
"9936_10",0.9810883241714783
"7651_10",0.9867155004087944
"1470_1",0.03715656439944667
"2703_7",0.9411172336484996
"5637_10",0.9810394171463881
"6102_1",0.07933834427879687
"8991_8",0.9289226594090411
"9606_10",0.9612329733670968
"10568_4",0.04135901979587892
"7126_10",0.8635659999919223
"4203_10",0.9868441821264852
"4486_2",0.03457426123839581
"3408_9",0.9846085774524462
"2867_8",0.9878064647697342
"7338_8",0.9869191499888458
"8065_4",0.03756987693096254
"2510_3",0.04135776488922993
"2110_7",0.9597366973495749
"4097_4",0.07108399762451714
"7484_8",0.1917530848404209
"5789_10",0.982960166164291
"8070_2",0.034799617095540206
"867_2",0.034165774614859847
"1364_3",0.07957365882440674
"10654_2",0.03503872260081833
"12417_4",0.19962174078494557
"10470_10",0.9793141971083635
"6544_10",0.8515019922604383
"8904_8",0.918143789551744
"10282_2",0.042040217497029804
"497_9",0.9602288297587313
"2659_10",0.8543891750123966
"9609_7",0.9694261242913766
"3010_3",0.8999193212613344
"9134_1",0.03743456250508479
"8990_1",0.06048985502831177
"6960_4",0.06004818708448931
"9566_9",0.09814043207211076
"7923_4",0.04752353850972615
"4542_10",0.9831879550558341
"7185_3",0.03674865071994436
"1918_10",0.9904044474334086
"2316_8",0.21408753428672733
"5846_10",0.9799806226312894
"1023_10",0.9843125032109974
"7141_7",0.7700466597338986
"3724_10",0.9773485704595415
"3617_2",0.03571314496394628
"7095_1",0.03568138650290425
"12201_10",0.9766832601300336
"10309_2",0.04012242187817965
"5584_8",0.9871883153436047
"2063_10",0.9548339921788235
"10874_1",0.036020250235904425
"4084_2",0.039335363692642816
"2765_1",0.03686445185225913
"11390_3",0.06259455002018292
"4676_1",0.10579454195481651
"2130_7",0.04361245275384073
"12032_7",0.07150442128387649
"9671_3",0.03590010320796499
"816_7",0.9435053701070206
"11320_8",0.7678617241427773
"1458_8",0.990336662513756
"1938_7",0.9364369867360974
"2861_8",0.7919385000563229
"5768_9",0.9809073681605021
"5049_9",0.9647650256076099
"8083_1",0.735155656727088
"4825_1",0.035074222708061285
"1740_9",0.9883902151702237
"3034_10",0.8468471784835242
"9977_7",0.2734474080510575
"8459_10",0.9843805508767484
"1103_10",0.8302947800222011
"3783_10",0.9633874696708804
"754_2",0.06280407163891188
"5580_10",0.96570347297026
"3472_2",0.045818248541139764
"2640_3",0.04533428509768129
"5400_2",0.03861823696683221
"5881_10",0.9721979686666207
"10970_4",0.9533211848356486
"8842_1",0.038285198295358154
"5336_8",0.7326623686919763
"1398_1",0.9041422505371619
"12310_10",0.9882092694987269
"6012_8",0.9661710173171678
"1508_7",0.24798638658253713
"2981_8",0.9786294868970477
"576_8",0.9260382942059197
"9683_7",0.1962766753700942
"10336_1",0.03602618279384461
"3345_3",0.06511614856239455
"7683_7",0.9543063126836318
"6366_9",0.9548767391783437
"6741_9",0.9899008732732386
"11396_2",0.18106016734818714
"4964_10",0.9626598778118314
"12285_10",0.957746760496897
"11018_9",0.8367427496686168
"3902_9",0.9110564654950017
"4147_8",0.11855944033680119
"1748_10",0.9543889569684016
"10084_3",0.07401015724564834
"3265_7",0.9852860516758959
"6160_1",0.06527506537665667
"2984_10",0.9910428207304609
"1305_1",0.03938508356288117
"9075_4",0.8787421108974675
"11710_7",0.9582009361334896
"2443_10",0.9861982797317705
"938_10",0.9794769129326536
"1392_7",0.7657970859841116
"10406_8",0.9163662071122352
"4302_7",0.9803536363970542
"2836_8",0.9334775878356194
"2365_3",0.04311961454863893
"98_1",0.13327471655784645
"8325_10",0.9879304256872856
"300_9",0.9436453823222352
"7667_1",0.7546586164933724
"4313_10",0.8958864530207185
"12450_3",0.04803958680144516
"8582_1",0.05920361163691594
"11325_9",0.8683964891823666
"8482_1",0.16504409494891165
"7304_8",0.989094482730961
"9439_1",0.03568426450468598
"2656_10",0.9851270065299138
"4306_3",0.273215043461306
"10079_1",0.03505781191613803
"11172_1",0.04283944719578168
"6095_9",0.985830460850271
"5698_1",0.041742122864204714
"35_1",0.897099304630956
"6043_3",0.045307297337229394
"2261_1",0.03458833535444338
"4784_10",0.9810937880187918
"10936_7",0.20443411298145003
"5316_10",0.9846216907357087
"8361_8",0.9568292465752978
"10373_2",0.0425299988489991
"500_10",0.9739704316138684
"371_4",0.0521475595231474
"3434_4",0.03481683408774376
"3654_2",0.03914599825955992
"11280_2",0.17820008560932907
"6542_9",0.9855848073787732
"10313_10",0.9861755367106335
"7267_1",0.08328429995768807
"11897_3",0.13101158834379945
"7321_2",0.03632166196075905
"1516_7",0.8778179225317513
"1640_1",0.03645101649683046
"9456_10",0.8495151655516362
"2769_10",0.9635780054335878
"6280_7",0.9858649741431835
"12399_10",0.9464641169658252
"6206_7",0.9117536560559709
"8836_4",0.06563783120873855
"5254_9",0.9852751451097319
"10903_1",0.03851711467209373
"3966_10",0.9718494932286446
"4048_10",0.9852783604572171
"1528_9",0.9392395094386096
"6219_10",0.9581731113803693
"8280_4",0.13503901888607084
"7974_10",0.9564829209005217
"6956_8",0.984629186450437
"5975_10",0.986135903999129
"6759_10",0.9403201870935733
"963_2",0.07706799678116197
"12158_10",0.11734819332104465
"148_1",0.8980433926465242
"8831_1",0.06949750006685304
"11556_9",0.12851290877145535
"9038_10",0.9064329406611484
"4421_10",0.985291705811131
"5236_8",0.9714566713102244
"3753_10",0.9732134500166403
"9334_3",0.11604621565861717
"2444_4",0.04083906679229042
"2890_3",0.040121153625075005
"9132_9",0.9566684918001039
"11413_10",0.9820809436436255
"3424_4",0.04137619839012584
"1258_3",0.08513798355641738
"5277_10",0.9549186083410273
"706_10",0.989896612082812
"3527_10",0.9859983581084539
"4081_9",0.9435920462553199
"3895_2",0.09550648760565324
"11528_2",0.04143550263746491
"7285_9",0.9884579154350285
"12339_7",0.1944660114098232
"729_1",0.054125404097805536
"6291_1",0.038534773860336186
"12296_9",0.12851290877145535
"5913_10",0.9899153093809948
"7770_10",0.9893407369459968
"9546_2",0.03250257314504497
"2383_4",0.973207116975781
"6802_7",0.9846226851913132
"5445_2",0.08107772323143848
"687_3",0.039909615417818366
"9982_8",0.9804122295915647
"11830_10",0.13633189676282312
"4271_1",0.037530399649638876
"7279_10",0.9663735997126182
"1599_7",0.04334953556113928
"10880_10",0.9853045668584813
"2838_10",0.8957812205810083
"4234_9",0.9779059014014783
"7674_2",0.040111943631247066
"6156_8",0.9796436034448963
"11657_4",0.04370416730062414
"11738_2",0.04015406729491231
"11962_8",0.8974590393068265
"10966_8",0.9638157052292118
"6421_1",0.034530060083012314
"1476_3",0.04008584468744947
"7022_8",0.990553410355404
"11500_8",0.9109489194423964
"6263_2",0.024140735238159544
"8989_9",0.9765740235767588
"2395_9",0.9671124161266089
"9311_1",0.1266153985592614
"6386_4",0.03640536324475792
"91_4",0.07683052625647475
"3759_3",0.04594193103673911
"11766_2",0.11429725090405769
"11290_7",0.9798397752312555
"5627_3",0.04664814226276904
"3278_1",0.04109740886230584
"9682_9",0.9808114815859523
"11894_1",0.03611691041180753
"10387_9",0.9796934622463762
"884_8",0.9867867939868442
"8408_2",0.04611726533799593
"5772_2",0.09341635935325975
"11422_1",0.03863159930739345
"9709_1",0.04058508656163918
"701_8",0.9136421353800551
"2721_8",0.9749971243275278
"4875_3",0.05205173927955454
"6356_1",0.03502545485978581
"7446_3",0.04570782894441659
"2440_4",0.8581857072450939
"9732_1",0.03938892864007398
"9109_10",0.98547389361406
"7578_2",0.9476361788766078
"11017_8",0.9576846419109947
"12498_1",0.034798749818246065
"4942_2",0.05184950819141322
"4939_10",0.987969751224732
"8451_4",0.8950962672598622
"6274_1",0.11090080944049929
"11635_4",0.04214651597123196
"8931_1",0.05125302681459132
"109_4",0.2246940012007297
"11744_7",0.9797528777158585
"5351_4",0.13335125696350508
"1120_9",0.9875357427088476
"10494_2",0.039594611630653066
"5317_10",0.9770942776121597
"6139_2",0.07062605660177342
"12322_8",0.9081085166030416
"11239_3",0.04403804356667114
"4815_7",0.9275460085683029
"11979_10",0.2074175837158948
"254_10",0.9837879872014416
"10286_3",0.10955239861469274
"6457_10",0.9892421187516811
"4662_8",0.9799312795984251
"6298_4",0.06289991619413009
"2704_4",0.9547738914090964
"11313_10",0.8364243868599393
"187_10",0.9908687555830014
"1166_1",0.03617385102528931
"12126_3",0.035093057115850756
"1813_9",0.7992177811638196
"6282_10",0.9887178055038803
"10525_7",0.9415988485818363
"8887_1",0.0363223437168952
"11605_7",0.08917298297643525
"6533_1",0.03542758859871755
"1210_8",0.9798829642134304
"11904_8",0.9392301077178326
"10659_10",0.9768587613926605
"7004_4",0.04503910453965188
"10260_10",0.9708050835936652
"11997_7",0.09339454317562768
"7850_4",0.9058369231144475
"2085_3",0.05511263002857947
"11839_1",0.03746761527008276
"419_9",0.991034704534544
"4157_10",0.8630095832111471
"8253_8",0.9847633448946749
"11268_2",0.03819818618681286
"12119_10",0.9686545637787938
"10259_10",0.07529676139827571
"978_1",0.10160073809470699
"6848_4",0.21618996551277161
"9368_4",0.04757060001335678
"7863_9",0.9747473153223727
"4157_3",0.04422067727573962
"4184_10",0.9211456091921401
"2888_1",0.035208197762124735
"8073_4",0.035113192043659515
"1755_1",0.10653976840217594
"7688_2",0.19122966753968565
"5966_7",0.9448081765648937
"10673_9",0.9407849088949947
"4110_7",0.2661852582337028
"699_9",0.978409642601926
"9240_2",0.06527795287228512
"3651_10",0.9866761583942152
"3933_7",0.9709364852223445
"2960_7",0.9557865026798441
"10664_1",0.03585657362042341
"358_9",0.9445367285245766
"11200_10",0.9821985573581968
"4471_8",0.9789567324469699
"11661_2",0.05727906000191429
"12304_1",0.04766287903141297
"2442_4",0.7253592726688929
"7134_9",0.9795754529186241
"4214_2",0.1531110660982767
"4869_8",0.963527554495766
"6372_1",0.9441236434958395
"10236_4",0.05625072383858455
"12189_1",0.8666589796443545
"9715_8",0.9602126272508993
"5751_10",0.9490545228564012
"166_7",0.10064496193254785
"11889_2",0.0976430139604784
"5098_1",0.8549053582825777
"8126_7",0.9898239622505839
"9302_7",0.9311801391867538
"10430_10",0.9859326306569988
"445_9",0.9860416080419089
"4550_10",0.9852156001256281
"10995_10",0.9585942345891876
"7154_1",0.0343972791196255
"3983_3",0.03818803339640561
"1446_9",0.9853091477122705
"865_10",0.9482102777260684
"3012_1",0.04373756066897265
"3562_3",0.038163681523484295
"2551_1",0.03437865270441312
"6440_1",0.11853936938674275
"10241_10",0.989968783342183
"1542_7",0.10851127405718942
"1405_2",0.03796426733054558
"11835_10",0.9837070465761827
"4023_3",0.08667210657315882
"1287_1",0.03422562606700001
"11059_2",0.042790805407400226
"2583_8",0.9598866421668458
"1550_2",0.12288592011756552
"11382_3",0.04137339854787308
"5567_10",0.9845484990115759
"11033_1",0.041136488231913404
"5543_1",0.03556371352294424
"8631_10",0.9299005774052163
"10871_1",0.023829196972671145
"6955_9",0.9905567912538142
"6254_4",0.7895573183909923
"2179_4",0.06196929022246126
"7559_8",0.9779158694616208
"12431_8",0.982984748955999
"279_10",0.9712027652374099
"2127_8",0.9871132599080141
"3803_10",0.9396361112376903
"12200_1",0.034470030990561555
"3480_9",0.9124798155839118
"5156_8",0.9353861912793983
"1718_2",0.03638548080594741
"12145_9",0.9901359872024675
"1560_4",0.7471884583836503
"11646_1",0.036782267279958196
"10378_4",0.04090895429198859
"8281_3",0.035019506821808655
"10393_9",0.8846342298696741
"1402_4",0.8360979312319368
"3958_4",0.039325964391575305
"3676_1",0.0368563022483127
"3709_1",0.035050800995919534
"10668_7",0.9463557563881364
"11972_1",0.03830095335257767
"4842_1",0.0365052948113013
"1889_8",0.9363314179160621
"3990_1",0.037245820071227634
"6467_7",0.9613420796760739
"5928_4",0.8052402523674141
"4639_10",0.9827895485260689
"4748_8",0.990515891756948
"5417_10",0.987239139853441
"2351_4",0.03823228549229922
"4365_1",0.039062731786804555
"3591_2",0.04184317469542214
"5914_10",0.9330557181057288
"8099_2",0.05272565999945783
"5510_1",0.035148989593004165
"314_10",0.9890901556788667
"8544_10",0.9320092646111711
"3799_1",0.05586225020556071
"5650_2",0.03642523025654806
"1646_7",0.08915535853785675
"11586_9",0.9839652600128405
"2389_9",0.9863852341799091
"908_3",0.04191283576261276
"654_9",0.9855002339380945
"6323_9",0.9489630796473997
"3014_7",0.9507779611458905
"11312_9",0.9620583923033729
"5457_3",0.06422826634704518
"6071_3",0.059188348525986305
"12459_1",0.03414445483164965
"8639_4",0.03754336718786312
"3600_8",0.2453105651152463
"9052_3",0.06828772066150801
"528_1",0.036103101665365116
"7692_1",0.09518991287759974
"6885_3",0.0883792596580517
"11395_4",0.9758117585532995
"11763_1",0.8963057662867145
"3631_1",0.04786504447205404
"4296_3",0.13025443768008246
"4810_3",0.05508649806067296
"6660_2",0.040470185394758516
"850_7",0.9536583685094732
"6731_10",0.9351875891809576
"12129_1",0.035212137595144674
"11525_7",0.9245014255610355
"5782_10",0.9417816124395628
"4613_2",0.05584381836433001
"4460_8",0.9236070526506908
"2992_10",0.9787965861774298
"570_9",0.951574784110579
"5908_4",0.1953938655907866
"4677_4",0.0688006084000055
"5791_10",0.9799903788808719
"5718_10",0.9865882173799992
"12453_10",0.9446753610871252
"8364_8",0.9222469368537218
"7761_10",0.9799117343509598
"3459_1",0.04121803631104619
"9169_1",0.0380405979102103
"12022_2",0.830922569307241
"10869_1",0.03988830180995837
"4997_1",0.02542525961617872
"2430_8",0.9289347356808735
"5011_4",0.0393042501646739
"3011_1",0.03801972476490351
"8425_3",0.05198661364779407
"6517_8",0.9825897069564544
"9300_9",0.9852026006299623
"840_8",0.9104726972756103
"2662_10",0.9897362247303587
"2724_1",0.0444105551750639
"5654_10",0.7894340024065974
"5574_10",0.9599711083051531
"5606_3",0.03614266375483288
"7717_8",0.7877894365189875
"11202_10",0.8703341379795158
"6889_10",0.989966437619376
"3712_10",0.9824526649916536
"3042_3",0.03727943049536684
"7858_8",0.9328949695111594
"4902_8",0.9909163098601006
"11885_1",0.040417121040607656
"7582_1",0.050989743037028475
"8450_7",0.9083048241902872
"9368_9",0.9736366265248249
"7616_8",0.9845627183318314
"4443_3",0.03836855634904075
"2344_1",0.034345615404210376
"11861_9",0.950802163867321
"7738_8",0.9900829041621679
"327_10",0.9628606490413152
"8175_4",0.04064460981358892
"10189_10",0.9840979859012414
"8691_1",0.03864737867990159
"12236_2",0.035814536562699076
"7341_3",0.942382065017847
"3261_1",0.03459074643737942
"8809_4",0.040898345020831534
"3735_3",0.051785775351982324
"9339_8",0.9230661247991454
"8242_4",0.8457273401457834
"6787_4",0.24352406192756998
"4379_4",0.03904136616716853
"5967_4",0.875549603309977
"5568_8",0.9107417314365293
"4579_4",0.05328130401677543
"7066_1",0.04525580205097614
"12323_1",0.04195583244793009
"2673_9",0.040555952735075465
"2639_7",0.9275499112736071
"8323_10",0.9708313327445406
"246_10",0.9904223918182956
"653_1",0.040679377293193895
"2407_1",0.03608365159016561
"2795_1",0.02975117472688307
"11793_4",0.23213214254555867
"2848_4",0.0939175577707814
"6040_4",0.06502238236548159
"9388_2",0.03776414608788055
"909_10",0.9498483094442269
"2567_2",0.06599107963816717
"4473_8",0.9762876409537287
"4451_3",0.04209658338083239
"10296_1",0.08361430023161075
"5111_7",0.11327134873965945
"8281_9",0.98903402532142
"4957_8",0.820435966680421
"8249_1",0.2757932268005224
"1572_3",0.16803887720378594
"5718_2",0.8546468206330903
"5959_3",0.09902857421029311
"3013_9",0.9811151493300865
"3544_1",0.03866439414240891
"11250_10",0.9870949537831573
"5162_9",0.9599313249590307
"8872_9",0.9365125345946005
"11122_8",0.9866589511595946
"991_4",0.06427253051524377
"6322_9",0.14886735851488903
"7065_8",0.9762896038969934
"9704_7",0.763138096754897
"4317_9",0.8993593141415519
"11622_10",0.9873464347210739
"10725_7",0.8733120401408088
"6549_1",0.034091983103654244
"9062_3",0.2792532602734005
"10253_7",0.9786246478401309
"4035_9",0.9774815448014079
"5437_1",0.054888727799492706
"1779_1",0.03667414415379383
"8740_2",0.03411099041915431
"10175_7",0.9661901252211346
"5331_4",0.17363807696986164
"9506_3",0.04311597425531359
"11199_4",0.04062727022160559
"9948_2",0.051605546190018614
"252_9",0.9839925427067331
"1094_3",0.08253636466304834
"9145_3",0.08172130679590572
"506_8",0.16733274738893755
"7126_1",0.03921862342924007
"3317_1",0.04729973249180151
"11439_4",0.03910250830411505
"6583_1",0.04243339565671151
"2805_8",0.9884892496768778
"1841_10",0.9566359114790723
"2698_3",0.04011393630006886
"6956_4",0.046402292928485626
"7664_8",0.9869030956150245
"97_1",0.03694542730299657
"4588_9",0.2674744142741927
"5220_1",0.037629191368391615
"45_2",0.03676035987963494
"5812_4",0.07048342615131602
"6625_8",0.9851629765968639
"2816_9",0.988707301753216
"11463_1",0.03573473073358185
"158_9",0.9738723180982419
"6633_1",0.039423716285106006
"1184_10",0.7193503520571802
"3967_1",0.04740355548975273
"6653_7",0.9424297297835397
"6093_1",0.03607787523788288
"2932_7",0.8974068258105914
"1522_1",0.03527409081346105
"2529_1",0.042203996063536836
"1475_1",0.05478898773251643
"2027_8",0.9781989327114219
"1854_1",0.03658211606798628
"6269_10",0.8925834207826584
"2184_7",0.9145471661243904
"4923_3",0.8083261399249986
"10827_9",0.987640364743579
"10885_10",0.9900349580704357
"3281_1",0.037170291266687853
"1468_7",0.9757564426484969
"104_1",0.03625305605010802
"3898_3",0.04295862300137266
"10973_7",0.9762037958638318
"8900_7",0.9614052152838752
"10735_1",0.06279074227512933
"4992_1",0.032776614653545214
"368_8",0.9899120247010771
"6709_4",0.034169099571465654
"10453_1",0.05226389041345263
"139_4",0.8018235855339251
"12079_1",0.03444182240328212
"7001_4",0.06756520236091315
"10533_3",0.8155788832038445
"2307_8",0.9870614749321467
"7241_9",0.9767603779972451
"7717_3",0.04021979224105692
"6223_2",0.04777811862055646
"9500_2",0.03176421677484822
"669_10",0.13501524952511398
"1596_3",0.10023569332136432
"3576_7",0.9480328446632712
"8263_8",0.9794114866332433
"6832_4",0.0691453943399583
"5158_9",0.9892069623039812
"5899_10",0.9849246788712276
"5794_4",0.8779960179011324
"8854_10",0.987575580696558
"11036_7",0.9347560768550152
"8803_3",0.23980645703095804
"5733_4",0.04130314099979778
"5268_10",0.954659863776504
"12297_2",0.04392653623416273
"6862_1",0.8626469877064762
"5515_3",0.034303273691222075
"3382_10",0.9778877310331219
"6738_2",0.033243760561827
"3832_1",0.04096178626035753
"10210_7",0.980600878039993
"12080_3",0.05334562670956829
"7748_2",0.04437301198570095
"4788_1",0.9874419019753357
"182_10",0.84353283016213
"4478_4",0.04078288756489759
"6544_1",0.03446940421587579
"2705_7",0.9240357996887816
"10334_1",0.03473383226195139
"10374_10",0.9758206188237222
"2031_1",0.034206463381909386
"4671_7",0.9860923629669338
"6231_9",0.15106653523661895
"9077_3",0.034848730922157456
"6381_1",0.04782672623338367
"216_2",0.03867931440022166
"9956_4",0.11088216729746207
"10882_9",0.8201705935406123
"6192_10",0.8828006014601331
"10442_8",0.9740994075786431
"3199_10",0.9112395352504506
"7649_3",0.08001427767313396
"1793_9",0.9547825622951254
"7987_1",0.09539967848190957
"1678_1",0.048449648124605615
"8176_4",0.0871502528027584
"4674_2",0.03954317165929008
"5751_3",0.8086303812827489
"6904_9",0.9808814531236815
"8869_1",0.035011104728134936
"6844_2",0.03543903863267628
"8744_2",0.03638445752454077
"5430_3",0.13603989494020405
"1556_9",0.9751498016876905
"10830_9",0.9895872400053021
"5642_8",0.9536114931727919
"3337_1",0.03685333970204243
"5339_1",0.03484648681207096
"9198_1",0.039477727725953454
"5759_10",0.9518695243365174
"10632_9",0.9464438178833419
"2067_9",0.9788425852118732
"3442_10",0.9729414004227025
"3341_4",0.09637706636050193
"9055_4",0.18277381691402347
"5793_8",0.9758085883744165
"896_8",0.9010385666011109
"1804_2",0.041169085436468765
"1134_8",0.983281688378691
"5532_8",0.9625464858872714
"2453_9",0.9798413487053785
"8113_2",0.040750803191710594
"12046_10",0.992615695086126
"11873_8",0.9827326687725801
"4525_8",0.9003782642740089
"10377_2",0.09892870713529943
"2008_1",0.05126868380287428
"10288_1",0.1941231078103975
"1083_7",0.8480740706561676
"2415_2",0.8707153142858265
"6688_9",0.9894346141441543
"4448_9",0.9483926470217567
"9407_10",0.9839196257791676
"3976_4",0.16976373707360712
"3930_8",0.9749704870548632
"3950_10",0.9533825746400575
"5645_3",0.03922967700337941
"6064_9",0.9808317983186697
"8064_1",0.037176512631485956
"3643_1",0.03658929482572341
"10321_1",0.0371743822244231
"5858_1",0.057900793290030325
"8535_9",0.7415304693045526
"3643_7",0.1017745386109621
"10041_1",0.03452590082608482
"11014_10",0.9629282076074799
"11776_4",0.03642173811639551
"8227_7",0.9907090159925406
"11445_8",0.9673999889809344
"8756_10",0.9633705356913496
"9328_10",0.9893386859545357
"11734_10",0.955878475778868
"10118_1",0.03604781429918469
"9690_2",0.05851094520193516
"7713_8",0.9893606370105102
"545_7",0.8536495230063501
"10603_8",0.9679797527206884
"5925_9",0.9716887729775463
"3105_1",0.030451813097150768
"10134_4",0.05817853367126159
"6354_2",0.06391891499825912
"9866_2",0.041944642328129174
"7553_10",0.9906398120127295
"11324_2",0.1131109366333376
"10532_1",0.06526963811325849
"439_1",0.03734251719568811
"11265_10",0.9860957700866587
"6568_8",0.9853215412541949
"9218_3",0.07205318364159571
"1939_2",0.038711297084906185
"4215_7",0.9685856635282019
"9968_10",0.9152613450644801
"12022_10",0.7940443858411496
"897_8",0.04635725236146367
"7129_8",0.9595771153590492
"7414_4",0.03690963592806731
"8118_9",0.9334664868261104
"6179_4",0.03959045601585817
"10124_8",0.9916312723971572
"7379_7",0.975375853466337
"1075_9",0.986636633509245
"2594_3",0.06764966684072513
"11482_4",0.04269948753426463
"7675_10",0.9818075318634986
"3127_8",0.9327222060451248
"7440_10",0.9907818750528932
"10215_10",0.8651331084328318
"5098_10",0.9944007045840827
"10534_2",0.034720939295852474
"12364_7",0.25025529496858395
"5191_1",0.04257536622657
"4179_9",0.9386885358317932
"1433_3",0.09044626485192812
"12177_8",0.9570304659002442
"9519_8",0.9911262249004449
"5781_7",0.9449218969730508
"10031_8",0.9680383847506819
"2631_4",0.03482555721358038
"195_4",0.8026968495476479
"11432_7",0.9828450970854519
"3952_10",0.9881237438011619
"5805_2",0.05192335091580827
"5555_10",0.9854392549720669
"7161_4",0.046321352817049695
"1399_1",0.06440616905843914
"8332_3",0.07430925697644294
"2132_2",0.05251084240815822
"12031_1",0.8353929025285194
"8480_1",0.03856630555479172
"11103_4",0.10233231798344092
"12124_3",0.7705514718440953
"12072_9",0.8374125305897557
"9371_9",0.9123968075465869
"2144_4",0.044391493950373874
"5668_10",0.9896260667772252
"11790_10",0.9833205996568868
"6933_7",0.8520111460906498
"4932_10",0.9866426640124883
"216_10",0.9369005528009948
"5862_7",0.8874866299785034
"11669_3",0.06015867397476385
"7488_4",0.03756973772686941
"6402_10",0.9740574832843661
"3244_9",0.9325847412664179
"5108_7",0.9867282855641386
"10854_1",0.03759239996683968
"3404_10",0.9832917369051207
"4282_7",0.04627029959183931
"483_10",0.9451393707322991
"2110_4",0.04088114366510591
"6199_8",0.9680596167588762
"7942_10",0.9753904982239264
"314_2",0.036398958508144785
"6395_3",0.04351044454943683
"274_1",0.035641338971856604
"3421_2",0.03959419537273324
"4100_1",0.03709121157686416
"9232_1",0.04441419513852287
"7152_10",0.9911810868222666
"10721_7",0.9948360277190456
"3565_3",0.08070595446986097
"4223_1",0.05794193527462332
"3543_10",0.8971804201829094
"1256_7",0.976303845856391
"6567_2",0.03516214880225939
"10658_9",0.9253401014933068
"1381_1",0.1400406565211759
"2591_1",0.03689099630548334
"4775_2",0.19915580011863243
"1743_8",0.786647102720853
"3004_1",0.08814649986441064
"11712_7",0.93312727499153
"2966_2",0.03621471804409191
"3139_1",0.03654503067723194
"989_4",0.054085736120320305
"2141_1",0.03588926620142217
"8224_1",0.13367538540483712
"10222_8",0.9344837471487999
"6540_1",0.05544371339646395
"7427_10",0.9904218635139037
"5519_1",0.9401857734352376
"945_2",0.045111643802490005
"3996_3",0.036038729852890326
"10202_9",0.989087310128468
"1328_9",0.953442415257772
"11425_2",0.05234647102560057
"1252_4",0.08047647012527048
"10086_1",0.731193302542053
"3946_3",0.039652470769004584
"11834_8",0.9854648000368114
"10710_1",0.84202775153271
"1858_8",0.9216458804031751
"1532_10",0.9863043769247666
"7082_10",0.9243355708845411
"9813_10",0.8655732091858919
"38_1",0.036473034169390094
"271_4",0.0766104089065873
"7184_1",0.039712107456702964
"11866_10",0.9514556017931411
"5983_1",0.03535156944598392
"5026_10",0.9473269868330239
"9030_1",0.027787341554435054
"11133_1",0.035450004566993924
"10130_2",0.05152578805159343
"8357_2",0.09828761876013127
"9824_1",0.10025794692623131
"7264_4",0.0977837064826788
"12449_2",0.03491218833492934
"1735_1",0.04251689481802107
"618_7",0.969656252525628
"6421_7",0.9551514940771111
"6294_4",0.2278387620707707
"2174_2",0.035713575122673244
"5985_2",0.038971904222825586
"7121_10",0.9472835582884211
"7912_7",0.9850954255202466
"5015_1",0.06748928646218563
"6476_2",0.03931950840498621
"9954_8",0.8943378688495448
"10122_10",0.9851338428364307
"9334_9",0.9887509288561411
"11751_3",0.04003910852474342
"11607_7",0.9865520810041674
"11310_10",0.9861743053381253
"300_1",0.052921330341763675
"6520_4",0.035716618047430974
"6735_10",0.9891810753350414
"10008_8",0.972063601540396
"7817_7",0.902820380565053
"3634_10",0.9868285020834113
"5927_2",0.041893820269064894
"3414_3",0.034170095131099136
"12266_1",0.05863632835494281
"11276_7",0.9299452751131989
"5478_3",0.07322177039653809
"6992_1",0.03546337201806216
"8039_8",0.9701112226983587
"11491_4",0.9233441539255931
"7823_7",0.9845639368385434
"8662_9",0.976638207988033
"9921_2",0.06510263065191613
"2058_9",0.9805971501673034
"3321_9",0.9410083355525841
"8634_7",0.8918763449158839
"2161_4",0.9468572216491434
"3441_9",0.9830495369065129
"10096_1",0.03575860139772958
"774_4",0.037534623157482364
"12086_9",0.9865250801886704
"1968_8",0.7557296651478411
"3269_1",0.03638433207348853
"2988_10",0.9847613094599045
"853_1",0.036027320532026834
"5303_10",0.9890418561573465
"11628_10",0.9760097426688444
"7772_2",0.037733096250190806
"2712_1",0.034468015060889805
"7362_4",0.08148752101990481
"3681_2",0.03659557543778701
"2066_1",0.031957921428084325
"7089_3",0.8383188958513256
"7393_10",0.054702485069982966
"7284_1",0.05415114703301552
"12199_7",0.9647262174849547
"3512_1",0.19636048514378898
"4349_2",0.1761853815342705
"11825_1",0.2579679482811452
"8351_3",0.03558320260235949
"467_3",0.04315382277174811
"2523_10",0.9777374996589457
"12078_8",0.9631551982072145
"1418_10",0.9849498162428688
"6552_10",0.9840494828974189
"10070_10",0.9857429549408125
"10031_2",0.039266506330647453
"7179_2",0.037199206125803116
"4533_1",0.0428044010937579
"11788_10",0.9911735392504522
"833_3",0.09710691718025903
"9777_1",0.0660428755342845
"6930_7",0.04258701131311906
"2310_10",0.990281674704072
"2924_8",0.9582930897172443
"7252_10",0.9908184178926998
"10216_10",0.9576238432886599
"104_10",0.9585958175909373
"4283_4",0.05234970094599001
"6351_4",0.03944086871051542
"1272_4",0.09679082940677486
"11226_9",0.9801857496253361
"3342_10",0.9874491891116274
"3326_9",0.9717051893933154
"3541_8",0.9881119804783319
"8142_10",0.9725831597892076
"6491_10",0.8182815035507717
"2125_10",0.9887797233551696
"7008_10",0.9884389453811208
"5347_9",0.9886425990040236
"8420_9",0.9137432023419461
"10767_3",0.8573614304546253
"12094_1",0.034637507256974655
"11904_1",0.03433622306010278
"2635_1",0.03418319802821568
"4074_10",0.8791695929138448
"2470_1",0.24313253191642642
"5888_3",0.04515608648017744
"9164_4",0.8608454893597284
"11312_1",0.046978185839450015
"2588_3",0.037486465619112966
"9177_1",0.038088651043297575
"10361_9",0.9858152027904339
"9216_10",0.9124946425493673
"5754_3",0.15293360956505395
"12314_10",0.9834479932012508
"9044_3",0.04466218907624826
"5677_2",0.045387755693652346
"6664_4",0.06815133748719464
"2308_3",0.042205695886748294
"7377_3",0.9298535551657745
"9149_8",0.9830627176343242
"5244_3",0.05102317232527471
"10656_3",0.07091924803546384
"10885_1",0.03775322297461468
"4296_9",0.9330361343288907
"1770_2",0.041906525597429925
"4940_10",0.9418419459108376
"3984_10",0.9358744547529452
"2976_10",0.9865246168647085
"2767_1",0.03928794585103717
"11848_2",0.03695310844348325
"3096_10",0.8466745092662077
"9792_3",0.16803189667613957
"9785_10",0.04283176235706338
"10264_8",0.9390699952669959
"12277_7",0.9399524131341388
"8110_8",0.773035037003276
"10396_8",0.7329005244346587
"3233_2",0.07180294058451218
"1903_1",0.03708461639390912
"4743_10",0.25140594691949236
"1417_9",0.9814066807031582
"2662_1",0.04253635317364286
"11231_4",0.14675226283622633
"9747_10",0.8551605567286195
"27_4",0.06596085025273472
"3310_2",0.9099218551482322
"3212_10",0.9402019460617493
"5608_3",0.03496445008302242
"1241_4",0.07098858058490742
"5543_7",0.9655320251293602
"7945_9",0.9421896192963227
"3705_7",0.9183516662278323
"1598_10",0.2181445361002218
"4273_10",0.9828781441644294
"5985_9",0.9499063451653817
"531_2",0.04039710717186753
"6744_7",0.9607535577445828
"10270_1",0.03576470175061298
"11199_9",0.9872972888500062
"9755_4",0.7931383494751955
"12080_10",0.9743278237980173
"5600_10",0.991181665761022
"12216_10",0.10390289381474568
"10783_4",0.9582209215222928
"3307_1",0.04036690838575835
"10954_7",0.9356425298429634
"9959_4",0.03785702743281548
"10223_10",0.9882715403242428
"12130_1",0.9894445784202556
"11939_7",0.10772323063445081
"12318_10",0.9890444274641881
"6204_10",0.9832895481659588
"2927_9",0.9029302001118487
"2779_10",0.9801933206103983
"3661_1",0.06316050485262173
"9068_3",0.036872601845000734
"1970_2",0.056400475457411635
"7539_10",0.9882934173886176
"9241_3",0.03778757582717932
"9350_3",0.04895573091853171
"7885_8",0.9856735636029104
"1078_9",0.9734490959902928
"6062_2",0.037873658026871815
"1215_10",0.9688825667864609
"1561_3",0.09707863437875225
"2159_1",0.049404552041083086
"8637_10",0.9857151507521558
"8375_4",0.04224597416889638
"2864_1",0.044489144307348745
"186_9",0.9768345839006616
"1669_9",0.9862402608240516
"6936_9",0.9515080076611806
"7541_3",0.07034278712026135
"1515_7",0.08439950283495365
"5039_7",0.9724166396780051
"9269_1",0.03802833127456298
"4965_10",0.9508135664107915
"10028_3",0.03883570465124166
"3547_4",0.9569729089233462
"6070_10",0.9872278553865059
"11334_7",0.9826339208106102
"4980_7",0.942150093424885
"5063_2",0.11066578780891581
"11637_8",0.8422030223961543
"310_1",0.0533732526758655
"9847_1",0.04072810372573911
"4433_9",0.986633993762576
"4535_1",0.062012337452073796
"11209_10",0.8057900286395848
"242_3",0.04960445149532433
"6150_7",0.09439022237187117
"7499_2",0.037180451475011825
"10073_7",0.06902516628420473
"7352_3",0.034589670490288035
"6616_2",0.04229879170749691
"2148_1",0.04300625020265474
"322_1",0.039459617113393256
"638_1",0.03541659708744734
"3236_10",0.9788976194676696
"11913_7",0.21710768714386358
"7188_4",0.05447704388406073
"3999_2",0.036233821786249815
"1397_1",0.050560380508107974
"11768_8",0.9772989304475468
"10301_2",0.09886577347102836
"7486_10",0.9801735697115808
"7915_2",0.04057266711519547
"103_10",0.9798605956792
"2249_1",0.08086804551289983
"11559_9",0.9683455510652836
"11374_4",0.18582123138064097
"7639_3",0.03860847928742181
"11922_3",0.03977271952361022
"6068_10",0.9903576486363561
"7681_3",0.07184755624538762
"3097_1",0.03919307232213616
"10233_3",0.10726264260953228
"9111_1",0.03589754354794425
"7240_2",0.03447230598560097
"10394_9",0.819829595908043
"792_2",0.1486379632446677
"440_1",0.03548731381085036
"11141_1",0.03829599146764853
"7488_7",0.9789624698486822
"2731_4",0.04043058506696733
"11632_10",0.13343346414245236
"7577_3",0.046439105489415725
"12047_8",0.8748663043465588
"7055_8",0.9846757456627548
"394_9",0.9619193824069763
"777_2",0.03763873106709488
"6460_8",0.9822117788712046
"10412_2",0.036375059434549974
"9910_8",0.8607381995462626
"826_8",0.9467220076117875
"7381_1",0.05096308511194468
"1700_8",0.8724555111289348
"1131_2",0.05592811275284971
"6796_10",0.9596770919125188
"7084_8",0.16161378526656503
"5735_1",0.037436431898575845
"6290_7",0.9531463547844649
"10506_8",0.9601156775479798
"2276_8",0.9788105862370612
"6221_1",0.9779718035379381
"1404_4",0.0509966556942148
"1440_1",0.03900075693048964
"8199_9",0.9719867627396908
"1145_2",0.04591589902385409
"5546_4",0.24688439633819564
"816_3",0.9361483370114148
"10535_10",0.9877523782250229
"2_3",0.03964367480343819
"6735_1",0.03493155129635943
"2684_4",0.03490683781122399
"1765_10",0.9756165833446946
"4346_7",0.9563736704036379
"1157_9",0.04073913066790012
"4216_1",0.03458833535444338
"3937_8",0.9170558717759856
"11140_10",0.9691633480608818
"1635_1",0.03573287276075106
"4457_10",0.9885699131539507
"7250_8",0.987445314597672
"3801_7",0.07237290347356305
"7892_10",0.695099319513294
"11022_8",0.9667286719877815
"5856_7",0.8942803191883305
"345_7",0.8126326592969654
"10809_3",0.04123925552905966
"9474_4",0.03730025479160285
"5775_10",0.9424090616685414
"2845_3",0.07647017578780788
"1383_10",0.850906968611496
"9171_7",0.9819620405524535
"10866_9",0.883378963871128
"12161_8",0.8034608578264766
"9118_1",0.07866991729952501
"9122_8",0.9858909287674699
"5142_1",0.0342571054242392
"2798_9",0.9769994911387803
"2260_8",0.7874428539446929
"11677_10",0.9650828158901925
"2788_1",0.03560654049350427
"8896_8",0.982154887480051
"7685_10",0.9305100793282538
"760_1",0.035616037189939796
"7811_4",0.04230235167086118
"1964_8",0.9807185474039063
"5059_10",0.9350335314447971
"4568_1",0.03691359173160954
"7475_1",0.03855731999001693
"11400_3",0.04316189997985389
"6082_3",0.03489153146338418
"7961_4",0.07432735838950989
"7502_8",0.7664191756182644
"11351_10",0.9837928674014115
"9851_8",0.9714158674979682
"1172_1",0.04029997078241714
"1815_10",0.9382118765386519
"6218_8",0.8950659331357464
"9628_9",0.9724383143410102
"2312_3",0.041790492899167975
"5014_10",0.9440035388088535
"7845_8",0.9860820300379541
"4468_9",0.9853932709131112
"2247_10",0.9783345956707303
"4408_10",0.9764013081717535
"2957_2",0.16765423837271204
"4716_1",0.041501796662062204
"9909_1",0.040191481392677815
"8611_1",0.0380489650291323
"5055_10",0.937025203651265
"5828_10",0.9603509286902413
"1147_1",0.03539563295971151
"11716_10",0.9227894058533469
"5289_8",0.9870780002249224
"5566_10",0.9551238465674778
"3389_2",0.07192837349693133
"6169_4",0.03512627426082365
"12019_10",0.900187717987909
"4136_7",0.983651010375154
"2421_3",0.04568580185720395
"607_10",0.9850682211800688
"4084_8",0.9678192513419813
"7333_1",0.038567098006294785
"8208_7",0.09477289808619775
"2971_10",0.9866298449120351
"7508_1",0.04723541083515309
"988_8",0.9836411447869225
"1124_8",0.9911586107170066
"3658_10",0.990928594321316
"5155_7",0.9323458338116872
"11362_2",0.8096143490175766
"8776_10",0.9640712907384017
"7294_10",0.9697623694829565
"10853_8",0.9787890704774838
"871_10",0.9877819061713005
"11513_1",0.03878594327908738
"5605_10",0.7116566079803756
"1235_8",0.9714602326365731
"623_2",0.07903012483892864
"1271_2",0.7642837624600312
"7590_7",0.981428979580611
"5075_4",0.03992421793087078
"6175_4",0.05500706309283661
"10629_1",0.037852001237330055
"1474_7",0.9593945264457818
"9077_9",0.14222168344182784
"11630_7",0.9380941138753146
"11060_2",0.03541299271126398
"664_9",0.9851414938636296
"4778_10",0.9789997096728426
"3535_1",0.0344021030442373
"1130_1",0.03676495845569882
"10718_1",0.03486895253953641
"3334_1",0.03594419359963238
"7133_2",0.03765140046281076
"12073_1",0.04193966712806149
"7877_10",0.9840731841169139
"12286_10",0.9467201093533036
"8675_4",0.047851168828106555
"8968_7",0.8226761681121173
"8118_1",0.030703575870315507
"12109_10",0.9885393278696306
"6476_8",0.9677391781405524
"12248_2",0.03594005580902433
"9444_1",0.03503708862293367
"9932_10",0.17877311891516418
"6863_9",0.9904892233566371
"7810_1",0.04144026498894548
"5463_1",0.03853824045538666
"8385_10",0.9065279208235364
"5560_3",0.03641083774543768
"12391_2",0.12519832638179032
"3644_9",0.8675211317432954
"1225_1",0.03533702113487874
"375_1",0.036660978408733114
"11515_7",0.9493918889509348
"3812_1",0.03785014797144323
"10747_1",0.07357489932270582
"8059_8",0.7928628247167332
"633_1",0.03419969127082684
"9189_10",0.9796049838427482
"11404_8",0.12060336008167004
"11871_8",0.9160356970788204
"2883_8",0.9891155144822654
"9048_4",0.05236136862117592
"1066_1",0.08068536163016185
"630_3",0.03924274077980428
"61_9",0.9815627103782177
"9264_10",0.983144985023046
"5132_9",0.990940840484741
"5796_9",0.9128079112719811
"11232_2",0.03553821167234557
"327_1",0.03730102378806558
"9787_8",0.986526186642002
"7780_2",0.039075869319198674
"2533_2",0.03655100735809853
"7349_10",0.9874183248383328
"2593_1",0.8895339828330626
"4672_8",0.9897967825988381
"11191_10",0.8643636941797533
"1301_1",0.034292090396442834
"10632_4",0.04419460268299567
"10750_1",0.0606951763859842
"2621_2",0.0393689353829668
"12045_4",0.9437923764902161
"4276_10",0.9919592645045111
"9960_2",0.040357237033492865
"3307_8",0.8611039343436173
"3007_10",0.9653554864621264
"7204_9",0.8768223353820374
"3988_7",0.9661154000593437
"4129_8",0.9793805769604088
"2071_1",0.038161200446465315
"7310_3",0.13285013744916518
"855_9",0.9778542365943325
"5380_1",0.03424313108454008
"5067_2",0.03907496214816918
"6320_2",0.06029023059078796
"1019_3",0.0396732121159024
"8216_2",0.04554567628092052
"3814_7",0.27287552906207424
"7888_4",0.826653504246337
"3419_2",0.13649338141172923
"3039_8",0.9824099688221571
"12039_4",0.2095474366040952
"1191_7",0.9920126179018257
"2361_1",0.04518646103650847
"8291_10",0.9905345718665632
"4954_3",0.21006728166887548
"12430_1",0.1701524493673161
"7634_7",0.1937288979636412
"11902_10",0.986835920944301
"1603_10",0.2647500849958738
"9395_8",0.8682841058658135
"9384_2",0.7654090126138187
"11687_1",0.03547165448263973
"4148_3",0.12842667013913342
"171_7",0.9816140074501507
"11814_4",0.04227047371673012
"8124_3",0.056790284931407045
"11387_1",0.047254771151545485
"3249_9",0.9831696519677404
"3591_10",0.9825505983433661
"10171_8",0.9868813421602278
"1100_9",0.9608232737963592
"7144_4",0.9722547976512739
"8060_9",0.9652789356265887
"11063_10",0.9902525470989035
"3481_2",0.040508671430944436
"7413_4",0.03941970535870641
"11121_2",0.03881619075985485
"4700_2",0.04869069271898656
"1566_4",0.7845755074006271
"11731_3",0.061245133245283724
"7346_10",0.9896379867837007
"7890_10",0.24294408122418698
"11704_10",0.9705636015930732
"4635_10",0.0822115051102448
"2369_8",0.19617175276126952
"9655_10",0.991366846205475
"2115_2",0.04044058572995679
"6408_7",0.9453973937220108
"10470_1",0.03434827610474891
"11512_8",0.987164280624827
"11523_7",0.7951386110163426
"10379_3",0.04039345491534416
"9164_9",0.9462035849094763
"3150_1",0.8011994357551641
"2880_3",0.057319192077420054
"1608_7",0.9812192522293247
"2406_9",0.9838382703796145
"260_10",0.9760452884693287
"10658_3",0.036679800563676805
"10609_1",0.03794395665589689
"6861_7",0.2043206782159765
"10058_2",0.1591495470498314
"11618_10",0.9636809227315242
"3727_4",0.04352309508958397
"1924_10",0.9870622467508878
"7471_1",0.040235104326929186
"1856_7",0.88258539785792
"10132_3",0.061876558031928645
"4010_2",0.03672855075748555
"11752_2",0.04021622784276449
"11122_2",0.039076132995501625
"11065_1",0.041667229525178755
"1211_1",0.04921943330087525
"8973_7",0.06089767567679239
"1888_9",0.9354213394346073
"8521_8",0.140821440830542
"6671_4",0.07307921671810343
"4241_3",0.04206595841504755
"10925_4",0.03668074675810929
"4030_2",0.030720319054338578
"9410_1",0.03491666895919552
"10004_2",0.04728867149162257
"599_1",0.03642476701042413
"8656_1",0.035303010051610184
"10087_7",0.8849924884949825
"5118_10",0.9675507032581618
"9780_4",0.03511170782755867
"586_2",0.05910193625778214
"6464_4",0.04318930014830894
"7482_1",0.035197864815756194
"11075_8",0.9781329351170992
"11984_1",0.042289596681704955
"6808_9",0.975986646264206
"6178_10",0.9849772263878546
"12196_7",0.04685178305482916
"7771_10",0.9876594293085482
"10801_1",0.05390229037005501
"1243_2",0.035991672805017416
"4028_2",0.03523731383734724
"700_4",0.9467260137574912
"758_10",0.9906499922561396
"5393_8",0.9514183436149333
"3552_4",0.15831353646084884
"3440_10",0.9872696749454952
"12357_7",0.7657512124208312
"10850_2",0.14112555602233381
"5083_10",0.9325772888307923
"790_10",0.8412148524985603
"302_3",0.0364788041212765
"11160_3",0.04217784582624353
"1170_1",0.04861664025951867
"6341_3",0.03966838582701903
"289_1",0.05644151926519981
"3075_7",0.04941667711698778
"12016_7",0.9289669053497494
"5998_3",0.05387752863181567
"5295_1",0.03439817638032294
"9712_2",0.040364686230273075
"9689_10",0.9149073073924749
"9441_1",0.03479620373506522
"7426_10",0.9900851967626862
"612_9",0.961366615379792
"4331_8",0.0898296471384981
"1016_7",0.107074879161962
"4463_7",0.9407490956100697
"9520_1",0.03951941834867419
"1557_10",0.1331141920724534
"6277_1",0.03416552800393716
"2279_3",0.04030830741433714
"11591_10",0.9875582107001475
"3503_1",0.044842582374624705
"9814_1",0.05867748048376904
"11342_4",0.09800801836187584
"5133_1",0.03313832051404505
"11189_10",0.9831847344964715
"2343_8",0.9822595092731807
"2234_7",0.9797404475399025
"926_4",0.036212560776420995
"9829_2",0.05455286568683762
"3338_7",0.963612441103319
"4272_9",0.9367416553940571
"4826_1",0.11853936938674275
"10529_3",0.0972452904734766
"12398_1",0.0433805851491016
"6965_10",0.9568490468527703
"10737_9",0.9774257482102473
"9356_1",0.03844973044106591
"2087_3",0.03680782655965907
"5802_4",0.9430606641114432
"6514_8",0.9837427677389952
"11607_4",0.20046274791672547
"9117_4",0.1794163486749148
"2011_10",0.9276920998940424
"11952_4",0.15003831011340785
"8753_4",0.9854870075956151
"5338_8",0.9805088543503304
"10799_3",0.056507756279743554
"6388_3",0.07593050805088489
"4667_1",0.038721878779439355
"11302_9",0.9902438272586254
"6587_4",0.04199548720168055
"6822_8",0.927730569983832
"9725_10",0.9929919786098513
"7237_10",0.08715088971495599
"7710_1",0.03481606006419507
"6090_1",0.035173577100879344
"9864_4",0.9584921505718828
"9759_1",0.0389459795935946
"8926_10",0.7456942345027641
"2454_1",0.038924175345502
"4364_1",0.03504283149792598
"10672_1",0.03982945450461824
"7703_4",0.03549734103675417
"7289_1",0.034776507543387174
"6370_2",0.8765483281431967
"8898_7",0.9462567753870923
"245_8",0.9871702515258542
"7786_2",0.7148873023975094
"12092_8",0.9651628334998763
"12495_3",0.036253630491184234
"2762_2",0.03980230524262067
"11009_1",0.03882023306344116
"7735_1",0.8626893534949064
"5377_8",0.9125474891066616
"6074_3",0.038781447950033306
"2133_1",0.03528645084047339
"2291_1",0.030158185822370592
"767_1",0.6550013377112994
"2677_3",0.03857314095260311
"5801_2",0.0370739724947552
"11416_7",0.9836673384004465
"7083_3",0.13828997244541544
"7268_1",0.06472054911453687
"8613_1",0.8622017937902628
"446_10",0.8411877868871973
"6513_7",0.11376413419968402
"11229_4",0.16462453959550657
"11155_4",0.15363698688344127
"10298_9",0.9414161265169869
"1521_8",0.9644929578552349
"5682_1",0.9562031030762318
"11575_3",0.036013326499428275
"10144_1",0.05547221670734837
"5819_10",0.9788364082510781
"7287_4",0.042158337401345544
"11507_10",0.9822048654848292
"10458_7",0.9658469106621899
"5935_1",0.04399906442724196
"4126_1",0.03507485264560136
"3777_10",0.964700762086311
"1720_3",0.035666064178073185
"11112_2",0.038010468994390194
"6222_9",0.9812756093448491
"8019_1",0.12048746399229862
"10067_4",0.0594428610321621
"5991_9",0.9821062031630401
"10203_10",0.985475786175048
"2485_1",0.03526967478544353
"5910_2",0.041078835990055206
"3940_9",0.9904157316914278
"9140_10",0.9350580709374182
"9558_10",0.9792893478445129
"4582_7",0.8878398513389065
"3323_1",0.04050806063332878
"5038_4",0.054985658647672436
"12405_10",0.9840896258351903
"11620_4",0.05883127863983055
"8774_7",0.7725959199747959
"10164_9",0.8522323829665903
"4112_3",0.03842904487550946
"629_7",0.10630940114126398
"2732_7",0.9805339276906544
"4356_3",0.19872190743882992
"514_9",0.9899674543572012
"168_1",0.03487364990303641
"7157_1",0.03577910201376228
"11193_7",0.07739687847456729
"12163_1",0.03523697749868442
"259_2",0.034109300290398284
"9977_1",0.03736967786861946
"5169_10",0.9885291418502912
"7439_10",0.9837334278637492
"10261_1",0.0544421940102327
"6623_7",0.9599322338829972
"2834_9",0.7896272039518827
"2930_10",0.9637295629601171
"3232_10",0.7946492560316114
"533_10",0.9893495573500928
"6006_4",0.037119396991859246
"9029_4",0.040195053212734796
"7738_4",0.04950273870252452
"52_4",0.23272161793221396
"374_4",0.9290409064539491
"4502_1",0.05872280698536237
"10309_8",0.958027621445569
"7541_8",0.3806598973605382
"1874_1",0.09166353004099484
"6884_1",0.03917363174604475
"7285_1",0.03861386231742721
"3385_2",0.03785673646547008
"7078_2",0.05007878590585628
"10788_10",0.9846442202888546
"6361_7",0.9815285238460558
"5761_10",0.9397714009881587
"8946_1",0.034916456568411136
"393_1",0.05467284605931277
"458_4",0.07834510202342858
"7435_10",0.9896183338912938
"10816_2",0.03758407401878037
"1606_10",0.9831845675921324
"1742_3",0.04059681044695725
"7167_8",0.1731478561982763
"1249_9",0.8351819442861402
"473_9",0.9628665643242392
"3475_9",0.9813550732327532
"2316_3",0.056136284723624065
"3739_2",0.07234857201199532
"4746_9",0.9713687684444596
"9924_8",0.8446346502916422
"2202_8",0.9857821421598894
"11531_1",0.04291392014380682
"11138_7",0.9883804775302228
"3402_1",0.03453391363736428
"4547_10",0.9809211255687819
"2786_2",0.11569377660028513
"1570_8",0.815194388287611
"3095_3",0.03550703217608964
"4745_1",0.040769517471117955
"165_4",0.03738002482747483
"1578_4",0.03879848312673393
"495_10",0.9821438928542409
"12414_1",0.03911810247866748
"1383_1",0.06248669953195593
"10438_3",0.064539154411081
"812_3",0.0844474855750684
"9588_9",0.9086792423761872
"7785_10",0.9488847227201846
"11169_4",0.042753311025193655
"7476_10",0.08393752835411711
"8196_1",0.024029447050916093
"6526_7",0.29879679900972
"1695_3",0.049643680283971224
"11077_10",0.9629519267692944
"7642_7",0.8899809349483223
"7618_3",0.981397124516799
"353_10",0.9904565482179406
"210_9",0.18180185620441822
"9455_10",0.9866522287597056
"520_2",0.03471450307010414
"7615_10",0.9903288413198044
"7475_9",0.8649423985307139
"6894_7",0.98924779801489
"8622_2",0.038573990072539616
"11149_3",0.03621052080664935
"6154_3",0.05547093587361136
"2514_7",0.973274516091963
"4359_1",0.8634949941928178
"8797_4",0.078481510064389
"10023_8",0.9255494459131466
"1212_4",0.9743922922520936
"9985_1",0.04010919895280887
"4182_1",0.03520446135278048
"10662_10",0.9671232156891575
"3907_7",0.9889321596933236
"11342_10",0.9918042536660182
"1483_3",0.04673401424403742
"10510_7",0.8233299151677931
"8522_2",0.034691770594991844
"6049_4",0.06138014800605258
"2687_9",0.9900814586899465
"9766_7",0.8857730917231951
"6792_1",0.04016582657937845
"5990_10",0.9845034381729567
"11699_2",0.19147827703332823
"3446_4",0.048662203882153726
"10448_7",0.19989877319651778
"5629_1",0.04027547106648599
"2831_1",0.07821098503646605
"4351_10",0.9885733606245141
"2547_1",0.040753271504255194
"2778_2",0.03461275791849305
"7307_10",0.9602642528826469
"11148_3",0.034879939321725874
"907_3",0.06934646800770888
"2184_1",0.036023400727934356
"2030_8",0.9891857527865466
"11051_4",0.046131493714825875
"9150_4",0.13187376064284198
"12418_7",0.8524040583486128
"10724_10",0.98817296557041
"8876_8",0.9856289530265087
"1620_7",0.4012976250811177
"12423_9",0.9782236369907846
"3642_1",0.19802892084618226
"10214_10",0.9259814984936797
"4575_3",0.16441934467116937
"2692_7",0.9640558151016093
"3919_1",0.04345881487003382
"11971_8",0.04949387984471132
"11676_10",0.8303585135376375
"8047_1",0.04070611413629119
"4009_8",0.9799462777709251
"7929_9",0.9106424279164516
"2432_10",0.9848322625040301
"8933_8",0.9844438136702255
"1375_1",0.0742705099613898
"1861_7",0.9813007530457496
"10897_10",0.9746444208737881
"2828_10",0.7926025457957685
"4568_10",0.9941304365524151
"1535_7",0.8733400679964632
"7282_8",0.9789464113813022
"12365_10",0.9814031479519935
"6682_3",0.20252901433660872
"1393_8",0.12330355693516507
"7270_1",0.0362260034204276
"1680_10",0.9871572339759063
"8207_8",0.9948720382209626
"8612_2",0.0585565559359414
"5640_9",0.7704184594328843
"96_10",0.9879348368494424
"12093_2",0.8579416087480037
"2068_9",0.92380918433986
"9799_10",0.949107265182719
"8730_1",0.03610296507224346
"1000_3",0.15832589566992145
"742_2",0.8812120575589222
"10432_10",0.9705848603539999
"9425_2",0.03886818419571726
"11636_3",0.27736896185759613
"6564_2",0.04104341715389953
"5706_9",0.9845772610489256
"8594_3",0.03634739548573421
"9488_9",0.9879444188283032
"12283_8",0.9826331436237503
"6579_3",0.03925575300644298
"6738_10",0.9917350935988748
"9007_2",0.07542141580306819
"2723_8",0.9795930602284533
"5115_3",0.06067295516629468
"9469_10",0.9185082675929758
"1444_1",0.037211093948542245
"5688_1",0.039896267014541055
"12390_4",0.09468693731936148
"1681_1",0.04097974850366633
"9048_7",0.8827279792978459
"10207_3",0.04606522650341033
"3817_9",0.9786769719585203
"2200_10",0.9803580990454439
"4250_8",0.9257379586940944
"12213_10",0.9893879551192991
"11602_4",0.26191456676932523
"4507_4",0.04262593701329806
"3817_1",0.04872675173382033
"9394_1",0.05291197037011263
"9129_1",0.13066250986576786
"3675_7",0.8664796977359844
"1670_4",0.7903100827220023
"1151_1",0.1298681254690614
"8818_4",0.038160227019108844
"4810_7",0.9335482893045749
"4979_1",0.0384445026079413
"80_4",0.09465294268055535
"5506_9",0.1636591991119152
"7451_10",0.9716526938866571
"4539_10",0.9590345828105449
"6914_10",0.9678381110936505
"2807_10",0.9123111816562197
"10229_10",0.98527482899348
"10908_8",0.8540226570738374
"7709_9",0.9858534651504473
"10872_9",0.9871572346211903
"8487_1",0.036729971113400914
"1140_9",0.9844980452954613
"558_10",0.9778706543311405
"9935_8",0.9798718230795108
"1084_8",0.9804489394306269
"6185_9",0.9642538991277332
"9278_7",0.9475560513576742
"3756_7",0.961622739542457
"4308_1",0.023977158013732507
"121_8",0.9269632958970471
"11072_8",0.9588756518151746
"9420_7",0.1588607085713647
"3955_1",0.038632292655468074
"9591_10",0.06277350865021314
"11176_1",0.11692427827240139
"11882_2",0.05821293038834621
"12458_10",0.9248855131741688
"303_10",0.9889407658866478
"3779_8",0.8552883519345686
"1805_4",0.17145421322937063
"12054_2",0.03412658128726192
"1990_4",0.03928430556463098
"7331_1",0.2447088847296493
"6243_8",0.96917866654408
"7201_1",0.03401841025297612
"6230_7",0.8788270854994915
"11252_3",0.03511248698174791
"8379_8",0.9489979217215584
"11890_1",0.8848024996200832
"6977_1",0.03713972586493805
"5481_1",0.0388242512037693
"6013_7",0.791090846590176
"11638_4",0.6096513447547526
"3302_1",0.046980633040429515
"4837_4",0.912379871401737
"737_1",0.0386867387572022
"6128_3",0.07933535888296372
"3749_4",0.04888311935310048
"580_3",0.08268057636444237
"11031_10",0.9419733428317438
"6644_1",0.03576647426379241
"8517_1",0.040455421639453606
"4883_3",0.04514292066926698
"4273_4",0.03719910914288517
"404_1",0.034261877219787164
"12108_10",0.9679804122124431
"10005_8",0.9446087050593743
"7140_4",0.07391565398680906
"258_8",0.9470631938108548
"6746_7",0.9844043200292937
"7189_2",0.7540139230159316
"11626_4",0.03965702950717981
"10785_10",0.9615970404769724
"11007_1",0.03995477217697312
"8987_7",0.14286940954581573
"275_1",0.034730893980577125
"2554_10",0.9848828860847599
"2682_1",0.025781038934139102
"3797_1",0.0344561766069944
"7383_1",0.25936450082824036
"9816_9",0.9833760346278522
"11057_8",0.9340637380907257
"11901_3",0.08340529759337868
"11501_3",0.7973921490870123
"11999_2",0.03452341445061351
"740_3",0.05896222836611242
"3109_8",0.9865674810576933
"2773_8",0.9892078457412276
"5725_4",0.03671714593172476
"4423_3",0.04053173429097855
"4035_2",0.024010713603790437
"6550_7",0.06338149195081695
"711_4",0.22944441228449797
"10773_4",0.05893276475890833
"11202_1",0.035263620421273185
"1054_2",0.03580010683483307
"2207_10",0.9651576375040763
"9809_4",0.04120728789521404
"11349_10",0.9706156501213052
"5195_4",0.16483530954750233
"6881_4",0.0769325459171006
"7537_3",0.04664739308960959
"99_3",0.06470586775857098
"6589_9",0.9893208714982116
"11781_10",0.9584458453468807
"4337_3",0.03739876179644745
"4928_10",0.9884751785022372
"6310_1",0.09032980617269938
"11867_8",0.9316205532116797
"9462_2",0.040823578284575536
"12224_9",0.21379732838022597
"1195_3",0.034832149148528335
"11324_10",0.9890720942615259
"11272_4",0.1575219095087009
"2461_7",0.9603483138730768
"4034_7",0.9551960581087328
"2340_10",0.9912905300954784
"9827_9",0.8864812963847234
"4660_4",0.13376906051580637
"2448_1",0.03622701317752509
"7485_7",0.9165995238150355
"7003_10",0.12818230117100468
"6204_1",0.035313713356435586
"1920_10",0.970233825467711
"6824_1",0.08916033381169777
"6668_10",0.9820867754968706
"7359_1",0.0870278088105345
"2753_4",0.8882941398213952
"7320_10",0.9190430704349133
"3661_10",0.9888380515697189
"1059_1",0.07152201934849475
"5067_10",0.96981479221718
"5724_3",0.037261304294550955
"11265_2",0.03789539400040592
"11331_1",0.03776763059400885
"5398_10",0.9542547393313161
"9328_2",0.0366816624570421
"100_4",0.06896929650540863
"6118_10",0.8926512860903344
"320_3",0.03524290619914512
"4395_10",0.9769563141076258
"7256_4",0.057687096037240634
"3949_10",0.9871884648677676
"7097_1",0.9504875326810497
"6971_2",0.04140995349780084
"9855_2",0.0404358474812736
"457_8",0.9884574828175725
"9929_7",0.9772871478928139
"9574_10",0.9813694414351165
"12261_4",0.037885895752279936
"5228_9",0.9834549700169406
"11684_2",0.041532668886939426
"7913_9",0.9889566352419985
"9595_3",0.04169647102461828
"10501_10",0.7850926941590445
"10610_7",0.9683528850248758
"8573_7",0.9269706787146693
"1823_2",0.14348743347289258
"12070_4",0.20956717357511898
"6995_8",0.9390866900214406
"4929_1",0.035846132097309434
"2555_4",0.040595374157252874
"6583_7",0.9667243914552693
"2490_1",0.034722060019256505
"8203_7",0.8774066163317575
"7861_3",0.0410249903571077
"2548_2",0.0936494068463796
"12291_7",0.9651395888819937
"756_1",0.07416815462341188
"9275_7",0.9233940919598929
"9234_9",0.8568178052548161
"10598_10",0.962290982521885
"8252_8",0.976264303069304
"3585_2",0.03530456979773694
"11561_1",0.03724776592223938
"690_10",0.9516075715251624
"7203_10",0.9845590425142953
"11141_10",0.9846723328199621
"5583_10",0.9804710263913989
"7341_10",0.9879433865644461
"10623_8",0.9819203020607951
"868_4",0.047648800097238465
"778_9",0.9829518738863501
"4653_10",0.7823456331143668
"7450_4",0.9768949292750453
"8836_8",0.8597892020078024
"226_9",0.9445773409305531
"464_10",0.9870439904619563
"2850_9",0.9845870293354069
"10242_8",0.9399087555585748
"2403_10",0.9905460373782009
"3397_10",0.9872568172963799
"1003_4",0.9661700153972198
"10940_10",0.8367060739717117
"3349_10",0.990643247573253
"5909_1",0.044645903527526024
"12021_8",0.9685711168941828
"5019_1",0.18165023943880657
"1809_7",0.973951586263899
"4435_10",0.9869643348621846
"10029_1",0.034961094123238334
"8234_2",0.07746332158186167
"3760_1",0.037792774831852956
"10952_10",0.9897899808646083
"1487_9",0.9884303679352849
"46_10",0.9860182883272952
"4917_4",0.07146529153685549
"2000_9",0.9099792053352156
"10974_2",0.035603274779313326
"11275_8",0.867952762933313
"1816_10",0.9852031386566101
"4848_3",0.9661960462273109
"11730_3",0.1273896144064314
"1903_10",0.9761879266431094
"12331_9",0.1417496646309196
"10360_9",0.9584180195112185
"9243_10",0.9210878902125915
"10115_8",0.9859599815487073
"11417_3",0.05770322462248055
"6259_4",0.09607471645438104
"316_10",0.9803486021322467
"1100_4",0.03715116682273628
"7919_2",0.0426286359642681
"1871_2",0.03436270028739823
"12488_8",0.968293658171333
"10239_9",0.9336796395773619
"7832_2",0.025907341219447676
"8808_1",0.036918350218817494
"7241_2",0.034643449948110916
"4412_2",0.06295100895425018
"807_10",0.9591824555916169
"9728_8",0.9664313962107222
"5665_2",0.038147869514203764
"491_2",0.05724779555675563
"7938_1",0.03860887957730572
"3513_8",0.986618223036887
"8942_1",0.0363604725095283
"11520_7",0.9843676728433193
"11478_3",0.9769262947351048
"5627_10",0.10915394726621215
"3462_2",0.11256018288393206
"5161_10",0.9821523561370467
"6545_2",0.03820505975474638
"6513_4",0.8542697537282379
"3032_1",0.036933582934671465
"7403_2",0.04384691004291251
"11878_3",0.038236719254248576
"11348_8",0.9895625500418139
"4979_7",0.954108428766121
"7131_1",0.03413714104440168
"3972_3",0.8385319643535654
"2925_2",0.31376366885213014
"5346_3",0.037241212063994625
"10709_3",0.039567367485963977
"10999_2",0.043169634931607824
"5974_10",0.9908076166746913
"9008_10",0.9828754042985897
"1324_10",0.9913939864249167
"10454_8",0.08201812698862081
"8336_8",0.8808000557429174
"5869_10",0.9858002675817075
"9922_3",0.03732584348792084
"2081_2",0.058515679799966566
"5811_7",0.9934248117874842
"1619_10",0.8366604677865623
"5461_7",0.9890074601289284
"9152_2",0.04299366699907408
"9071_8",0.9865363892896425
"4688_10",0.9868589264370333
"8956_10",0.987219181491717
"1883_4",0.03963187693867083
"5707_1",0.03456817238525323
"7529_3",0.12958541959330339
"83_1",0.039247191470056855
"10440_1",0.03429873305847256
"3673_1",0.03456199653811308
"6983_4",0.035353888443696094
"2546_4",0.7374372195518616
"6698_3",0.7618677300642752
"10689_3",0.038016367588214306
"9986_10",0.8900715973080923
"5614_10",0.977911186147145
"10094_4",0.04197977814316988
"12468_10",0.9740757767435734
"3828_10",0.9440783978108778
"10524_2",0.034442991259324596
"2016_2",0.03448119259536556
"7583_4",0.20064823381131544
"4795_8",0.9075115387680961
"7564_3",0.03896904032424813
"1366_3",0.03827900557874591
"508_4",0.047334747355845544
"9509_3",0.07975909206918412
"1587_3",0.04682007404169284
"12376_4",0.22954669763208652
"2525_8",0.9648132736458707
"2877_2",0.04789200700691721
"9485_9",0.9809077232283632
"12023_8",0.9860771176739056
"11544_10",0.9870949867266923
"198_3",0.05674422184893027
"4390_1",0.03931318361896351
"993_8",0.8764898759238903
"7965_9",0.9842993113028013
"8865_1",0.034202361769377396
"6638_1",0.06668134077175024
"141_8",0.8428906255199609
"136_2",0.039673911525315825
"3004_10",0.9705512166316155
"3457_9",0.881591307421051
"11488_1",0.0514405794451844
"644_2",0.03580685438750667
"8387_9",0.987989541046973
"5026_3",0.8491463987913648
"8936_7",0.8388199040394215
"453_4",0.9095139929654096
"8547_3",0.22514617190807118
"10542_4",0.03570033493667601
"5231_9",0.9244196575938705
"9592_10",0.9659213903602508
"8591_7",0.9751829714885074
"6686_10",0.9755895913228716
"7246_10",0.9800280271066684
"2194_4",0.0976550054160964
"11533_9",0.9846966432652859
"6109_10",0.9763666611033585
"9092_3",0.06283675322410517
"11223_8",0.965139090122423
"10829_9",0.9862841849196794
"9857_3",0.04110169298634677
"2223_10",0.9500657287413825
"8052_10",0.23448287082761388
"11604_3",0.16516962154251574
"4448_1",0.1613098608415488
"5394_8",0.872849516004988
"10168_9",0.9809937046749808
"11943_4",0.043032797385788794
"7311_8",0.9092600841675602
"1362_9",0.9642795385843134
"9165_8",0.9829910548141361
"12294_10",0.9696548854374369
"6086_9",0.9732398895357649
"608_8",0.9816564063269824
"4592_10",0.985310804698248
"708_10",0.9814525709400921
"6548_4",0.1252485408153266
"7552_4",0.9028947352363148
"9263_8",0.9833845128150159
"5393_1",0.7503073284010802
"220_10",0.9563126504341894
"10640_7",0.9844797849110034
"4086_10",0.9789698762707303
"11026_3",0.10562441023924701
"12466_10",0.983436699788289
"905_3",0.06934646800770888
"92_8",0.8997171322257502
"11362_10",0.9849599186893024
"5030_8",0.9285731721040188
"2909_7",0.10115126694924045
"8402_7",0.9711534290303062
"4046_10",0.1324079262829033
"4065_9",0.8482544372722463
"6460_4",0.3714214112043307
"11108_1",0.04177085097633589
"1139_1",0.034655640125627246
"2457_3",0.05423641326213723
"2675_7",0.24124983458621566
"9360_1",0.044266546039601895
"5750_8",0.9750034231991751
"7125_2",0.03779920595042574
"6637_8",0.968796794285991
"3290_7",0.9705089141526894
"3979_8",0.9510312165779746
"2100_1",0.035903926477091196
"10836_1",0.03753418521171723
"10904_3",0.036307091650355096
"5226_7",0.9061353307572951
"22_8",0.9754829414486895
"2726_10",0.9328914140209046
"11405_8",0.9709175862562254
"11204_2",0.035594880226346416
"6201_9",0.91442760740908
"1653_10",0.9768545073138493
"9500_7",0.9809675198236529
"12104_7",0.9875391548343218
"1499_3",0.07055746912225018
"1415_1",0.03691666628574105
"11285_2",0.15509869193696946
"4481_1",0.04344994913853677
"10249_8",0.988315285744036
"2391_9",0.9897120033022593
"2186_3",0.835028529481637
"56_10",0.9893715165150823
"127_10",0.9838398239968024
"5509_9",0.9335954452613701
"9855_9",0.059691204525663066
"7522_10",0.987833651534231
"11751_9",0.9788959091367211
"3330_3",0.13392908734158582
"4055_8",0.9874873144081312
"3694_3",0.08711847340751809
"6911_4",0.03924565393726155
"9677_10",0.972701361758888
"9706_1",0.03732548884616988
"426_4",0.041798439776276286
"2995_2",0.0388145643211157
"7914_8",0.9648228339721814
"11344_9",0.9884649500670046
"680_8",0.9566707110091124
"2094_3",0.22376961551425012
"2009_9",0.9880873294133016
"7309_7",0.9816835993658111
"138_1",0.03574413876991285
"2689_9",0.981401994178719
"6050_2",0.03894726778628886
"8987_2",0.05612845407076676
"2053_8",0.9628828690829111
"12245_4",0.047886884691215194
"12020_10",0.11971056280863732
"10364_10",0.9591505704782826
"11581_1",0.029527098170508387
"12079_10",0.9645609919082254
"6537_1",0.04601663778809123
"2739_10",0.9678640279412287
"8719_1",0.17597022441607763
"9436_1",0.041502496641107396
"5029_3",0.054445770182550424
"8321_10",0.8371978134154114
"7135_9",0.9172180183194983
"9512_10",0.9438680138912894
"6397_7",0.2312460228873434
"9457_9",0.9711744068126319
"7740_2",0.04225863603013065
"10591_2",0.037297444211095564
"9856_4",0.04618454274197301
"2456_1",0.13969878220949372
"10543_7",0.8862332499504761
"544_4",0.8425844757600377
"3679_10",0.9916134667972353
"9042_1",0.04182944984981835
"5368_8",0.9584762203129832
"8276_3",0.03473967591366932
"1984_2",0.03752364489420685
"4205_7",0.8353088877127691
"5765_7",0.9483538607857853
"5202_1",0.036469667310261106
"4127_4",0.8877074844669643
"12316_9",0.9323318494307298
"657_1",0.03475202662649391
"12205_2",0.04576938065253679
"3426_10",0.9882095329586251
"5616_10",0.9803586920475986
"11644_3",0.05901642869321034
"795_10",0.9881312544694371
"12416_2",0.03786070678108886
"115_3",0.03713312037636104
"55_10",0.9558168955528072
"11187_10",0.15259960528251315
"9072_4",0.888328619850746
"875_4",0.1247751384039173
"4196_1",0.034043666457713756
"293_10",0.3515965642762833
"5564_1",0.037809569128616424
"6811_8",0.7645364334663042
"9135_3",0.20656030292054892
"9964_8",0.8947452128359236
"981_9",0.14313733732166672
"8506_10",0.8724486710640491
"4459_9",0.9796059160729107
"7609_1",0.03720794341833975
"6246_10",0.8876349966620019
"5989_4",0.04256818347025217
"11839_10",0.942261834651415
"9186_2",0.04609935946106927
"3411_10",0.9552543677297025
"8677_1",0.7675271967322584
"9125_4",0.18348622960755073
"2166_8",0.9277859527635995
"11827_4",0.0700193544115237
"2574_2",0.04786567240283545
"4789_4",0.8970932182270162
"1093_4",0.041648604049559806
"8195_1",0.03531525559334318
"11011_10",0.9778575724897078
"3944_9",0.9691114385625538
"10606_10",0.9664220206725169
"5029_7",0.06788842469420373
"9496_8",0.14273356356275993
"9256_8",0.9877252579638061
"5640_3",0.03854661640549527
"8164_8",0.9755659720100514
"10413_3",0.040835691174681284
"4838_2",0.03625593388303086
"12265_9",0.9580680843312922
"6222_1",0.03505897103866224
"883_8",0.9620420741224842
"395_8",0.8043950575765824
"1182_7",0.9612276726977801
"8701_7",0.9511204574822126
"8863_4",0.03525525458828134
"10943_3",0.03894792352505186
"10692_10",0.28232022521245137
"11872_7",0.9880166404146793
"4729_9",0.8603223038336355
"920_10",0.9337648354052895
"9352_4",0.04028483791777604
"10095_9",0.9734053491065258
"8986_2",0.04211124852312541
"7061_2",0.04162513738011503
"2746_1",0.03488660567962379
"10359_8",0.9521247435001718
"6826_7",0.04089119509068892
"7075_3",0.8297958191750172
"8237_10",0.9550763430127022
"9103_10",0.8178571309563688
"6538_9",0.9672522272846005
"3085_4",0.9184139335691373
"10759_9",0.1492541931951496
"12249_2",0.036666696327527594
"6774_4",0.06968976025323148
"3564_2",0.8733844112952199
"144_2",0.03813399153463479
"12112_3",0.03675318253686231
"8166_10",0.9765677605006584
"10817_8",0.9468672429064611
"7462_10",0.9748111114453522
"7626_2",0.041824676586789955
"8221_2",0.11471158553556345
"2528_10",0.8664024000108264
"6765_3",0.03935585137880992
"1267_8",0.990354202982467
"8257_10",0.9693003847987528
"11501_8",0.9845749143064659
"11196_10",0.9930087325768371
"10006_7",0.7903871117075308
"2104_2",0.03501200597962374
"9067_8",0.7480456759127507
"4760_4",0.05162119607560066
"4372_7",0.9688308117468925
"3441_2",0.04221481176705002
"10439_3",0.8550357997299972
"6604_1",0.038506932754979316
"10689_10",0.9855214892633124
"11289_4",0.037785407240668624
"2051_7",0.8744096160233882
"42_10",0.9835130047999626
"1567_7",0.2437952441400231
"4890_9",0.9864503494523543
"2583_1",0.03598265942789785
"5376_2",0.03824758434185136
"2539_10",0.9818759556733057
"390_4",0.043135411036289734
"11509_1",0.026599433522994667
"7481_8",0.8769426074939861
"10840_2",0.03832793296477718
"9433_1",0.8921002811613524
"7774_10",0.986141619883469
"2654_7",0.042824114541497406
"9582_7",0.8631346780006952
"1780_3",0.05710271513918577
"4032_8",0.9654370703056968
"3130_9",0.987577936777312
"1920_3",0.11418626745552785
"5056_7",0.8683514997463277
"4537_10",0.9827414908082461
"2505_1",0.049835831092419756
"3942_2",0.037817606311940546
"483_2",0.03547925241028565
"2771_3",0.0389267829170959
"4872_8",0.9468751280882685
"7897_1",0.034631785192841165
"12039_8",0.9860193418297651
"11008_4",0.1459749905149545
"4090_7",0.9813715433113726
"3051_4",0.13470009582727396
"5700_1",0.0355361268106678
"3498_10",0.8905166906855743
"5676_7",0.8165356000090077
"5565_1",0.03536714394411663
"9347_10",0.9335248280616806
"4178_1",0.04184855219915589
"6303_4",0.8213040470956536
"1579_7",0.17744691576215066
"5783_9",0.7123309888183595
"4001_8",0.985159071566125
"11698_2",0.07338767226704712
"7029_3",0.0407281537316933
"268_3",0.035223707164555265
"7098_1",0.9858332173344042
"6608_9",0.9890081819642974
"1123_1",0.03715791748113867
"7523_10",0.945803245581022
"10647_3",0.07369276471146753
"12232_8",0.9494728897725239
"8103_4",0.10880640782775974
"7336_7",0.25282173212828296
"7049_8",0.9712504359018475
"9694_3",0.16550530878041605
"5894_3",0.036634866128430824
"10981_4",0.10324916011912019
"10104_10",0.9878478496560819
"5752_7",0.9165273516721673
"2622_2",0.0397346304769501
"11529_2",0.037751727555660225
"5040_1",0.046729466655841836
"1870_8",0.9882047805453475
"7368_3",0.03764864435400025
"843_1",0.03895047689203044
"4972_8",0.9508857394586376
"4615_9",0.9876430299821455
"8191_10",0.9790165124804695
"6940_10",0.04611731867773047
"4924_4",0.7998040849603032
"10392_2",0.02708170454289632
"3339_7",0.9838219880572202
"3594_10",0.9832413534647438
"10354_7",0.06879894928627893
"6594_10",0.9676446217578172
"11311_1",0.03684667385382881
"4409_10",0.9549236397264945
"1669_4",0.15173318658629956
"7819_1",0.036237746320197134
"6704_1",0.03884548635740615
"667_10",0.17449192458021684
"6444_1",0.03918726092437582
"1223_3",0.03528068518973255
"10089_9",0.9897445023328885
"6699_1",0.034638789112737545
"814_7",0.9713487351303886
"2363_10",0.8427184959302658
"1697_2",0.09401964047554241
"6345_4",0.040780498478293806
"10109_1",0.03512462431302907
"4563_7",0.9546465636577716
"1924_1",0.03624255502433654
"11416_2",0.034016400306553334
"539_7",0.9168877417391315
"5937_9",0.9889212903165332
"1912_8",0.8648806052189841
"4135_3",0.040551953808107444
"4141_7",0.9354464170302546
"7217_2",0.03640653336706317
"5538_3",0.06216774856372615
"2657_10",0.9790917632500437
"6279_4",0.09412622452274716
"7706_1",0.037068628815033755
"10409_10",0.9024813443380995
"6780_1",0.03908773004454983
"6251_10",0.991818928555934
"12227_1",0.06117716700343458
"1146_10",0.9875175842296959
"10977_9",0.9196844035651994
"3857_1",0.037988122755870275
"7622_8",0.06862213112819579
"2548_7",0.9228588765586304
"8602_9",0.977224188275506
"8885_8",0.9830064827712042
"472_4",0.8294267100880477
"11700_9",0.8806522492275745
"10268_3",0.03793834443818901
"7569_10",0.9904776527977985
"475_1",0.05122638451166474
"4719_1",0.04067435421526388
"8851_3",0.03553318496670049
"6320_10",0.4235795934887375
"4290_7",0.08860092420849036
"7936_10",0.9862724117536277
"4616_1",0.03908058392347711
"3616_7",0.9836810953186185
"4849_3",0.06481341806053958
"3689_7",0.8865609859197944
"11224_7",0.9515305055996088
"8893_7",0.21674852634328923
"11126_7",0.9907430884738644
"4816_8",0.9552219962940465
"5895_3",0.037829084955381745
"9373_1",0.03928860958703745
"2445_3",0.2810278314462408
"556_1",0.03657021669638222
"11855_1",0.05270288095481938
"11346_8",0.8614861528451416
"8621_8",0.9813884990576399
"10259_3",0.03782918095263956
"2354_3",0.0671673666650256
"8477_10",0.9864110321004853
"11408_7",0.29210829243851155
"8490_1",0.7991439905836228
"175_8",0.8746725913709575
"3376_1",0.040197683512015116
"3888_7",0.9869917806856068
"11655_2",0.20117661841315282
"9630_10",0.8942209998223086
"8121_1",0.05632250828665874
"10758_4",0.08579528712392555
"1979_10",0.9802546649246118
"9702_8",0.9596700075604477
"1064_1",0.03994505338670603
"850_4",0.046226575336757024
"1624_1",0.05061134211727209
"5885_10",0.988935343032538
"8246_8",0.8577402972982395
"4073_7",0.9773162028007654
"5116_2",0.14520634861546783
"5379_2",0.13424077712960342
"75_1",0.04880943672942886
"5895_10",0.9804510058660546
"10651_9",0.9860639182543673
"1776_7",0.9367381077707567
"8500_1",0.035991712288268383
"11026_9",0.9289502507803611
"12195_1",0.05174865391031959
"1832_7",0.9900440325378019
"11424_8",0.9264590812386055
"1744_8",0.9839724941639567
"9699_1",0.03579518941973431
"11840_10",0.11343122002309265
"8955_1",0.06272678515245643
"1571_4",0.13823145986800894
"6434_9",0.9864432577721147
"7214_10",0.9729597063523692
"153_4",0.18818345448262588
"3914_1",0.042716277599813245
"5005_8",0.9824358182265478
"8283_4",0.06999101738630012
"8846_1",0.0394317111267947
"3708_1",0.956969308926694
"5123_10",0.9901044165530754
"2868_7",0.9325508816840066
"6395_10",0.9887536400911973
"5788_4",0.2135894553612373
"2380_8",0.9004668427575089
"462_7",0.9805725805235572
"11697_7",0.9858279323670094
"3577_3",0.04471247728875429
"5569_4",0.059613224165470526
"348_1",0.03612418873204112
"9194_10",0.9876400534746214
"1001_4",0.08399547908691853
"6869_4",0.03997925173315631
"7182_1",0.08806791159313468
"2089_4",0.034552777354365564
"3496_1",0.8734452333895864
"938_1",0.04454508741710186
"10325_9",0.9101128276053283
"786_10",0.9888550789626663
"4562_9",0.8871855251935342
"2566_9",0.9864992730861029
"10732_3",0.06986265515882092
"7621_1",0.07451587909859686
"11747_10",0.9886379318572872
"11271_4",0.8732925609167173
"9057_10",0.9898501810686317
"12374_3",0.04563505733578613
"9130_9",0.9611737612981623
"9735_3",0.06773403863743038
"4305_7",0.9885495210449344
"10477_9",0.9899499095700071
"5498_9",0.9892435814836643
"4452_8",0.9752035242614177
"7993_1",0.05908253544570693
"3245_9",0.9876523757196612
"11289_10",0.05329100655616223
"2678_10",0.9883480121339189
"6836_1",0.035858207679858235
"10936_3",0.036514274394359794
"6870_4",0.04858512166923727
"10109_10",0.9885630537786574
"9907_7",0.9114577117574028
"4801_2",0.04241598990260547
"3684_10",0.9778615765682559
"12305_9",0.9532225875874683
"530_10",0.9698337129566943
"10977_2",0.04923557269860397
"9819_10",0.9231307992882704
"5057_1",0.03455396373859513
"8703_10",0.9762769311882273
"8997_2",0.03652008173864414
"5766_7",0.9012670702064531
"9436_8",0.9807496625936778
"39_9",0.9850972068852372
"6052_4",0.042413014102175975
"9748_9",0.8785965713114242
"8395_1",0.03492169235571609
"688_7",0.12076901015601024
"4688_3",0.7089319971558837
"6287_3",0.05913452457806528
"1945_8",0.9466367243837469
"11830_2",0.03849847532171768
"4042_2",0.030480221480715775
"10160_3",0.04495037297168823
"2069_4",0.08467151531214492
"11039_1",0.038908863013932184
"6675_3",0.06704493313348259
"9189_2",0.056164913720589404
"3683_10",0.9891498376652976
"5536_10",0.9738916668555575
"11089_1",0.03454611868708682
"9064_7",0.8577188347414707
"2079_1",0.03735248760528287
"648_3",0.0465279077499743
"12300_10",0.9868951787077438
"5755_8",0.9720303453168264
"3460_1",0.03548958306397099
"151_2",0.03818593073719451
"6990_4",0.0395279631920325
"11356_10",0.9901428704182847
"3062_2",0.03903563863064794
"4310_1",0.051304263723997524
"9393_9",0.14166406495481987
"5886_1",0.040061810436331634
"7359_10",0.9467338712644291
"3210_1",0.0389068348876293
"4689_10",0.12056229337222593
"11111_10",0.989570300516295
"1413_3",0.057956293760047684
"2502_8",0.9848619526143768
"10737_2",0.0471213339781384
"6525_10",0.9478478290492517
"4416_4",0.035450386309961474
"1705_4",0.07765244582388331
"1485_10",0.9879374711328344
"4406_9",0.9618825429045318
"3365_8",0.9825646567281154
"6825_9",0.9090347558014543
"9214_1",0.7581842578647864
"8171_1",0.9448870042473678
"12138_7",0.036228433575676594
"2421_8",0.9883121847432597
"7727_4",0.033153526939984045
"8236_8",0.9523373111289771
"4802_8",0.9855324230758438
"5429_2",0.09577525389023823
"6584_1",0.039788331202630124
"5429_8",0.987632474986929
"2124_8",0.9924042605694684
"11670_3",0.038933753827145146
"7527_1",0.03635531985437828
"11193_3",0.0382731639692265
"3647_10",0.9453114042056009
"2084_3",0.038139186966202256
"8481_10",0.9659554266295792
"2458_8",0.9860206155773675
"8705_1",0.05699143697394001
"4919_4",0.04436327735168225
"1621_1",0.038374078579837725
"6059_1",0.040633599034923674
"4132_1",0.1686354421443199
"10953_9",0.9676649643099855
"6692_8",0.9878621806369232
"3604_3",0.04737530587734096
"6432_1",0.044746094005444756
"10932_8",0.9787129193673549
"7248_3",0.911951398535906
"3837_4",0.03886224951873581
"8770_8",0.9899716338927008
"12067_7",0.9453757186338342
"7351_1",0.03876787264823346
"11556_1",0.22816408607526428
"8220_1",0.25557865991303097
"8008_4",0.041541237034551474
"6500_1",0.04229033843720152
"8303_4",0.039022584561869286
"6765_10",0.9874133722161912
"4701_3",0.8234537438589719
"8956_1",0.03812213224647246
"11443_8",0.9867421839294637
"7119_7",0.9337521876880778
"11761_2",0.1176986079429994
"9921_9",0.3580885417866748
"2275_9",0.9421444268059442
"8849_2",0.03749918485102521
"2791_3",0.04481730033378424
"9105_10",0.9079345877964837
"1991_7",0.9844410934500386
"41_9",0.9940998660922046
"9259_1",0.04368841737310259
"3785_3",0.8124049025731707
"12335_3",0.0416706871758056
"7020_1",0.03905821743928458
"9490_4",0.12736279139516632
"11296_1",0.039615384635234376
"7641_2",0.047852812174983606
"8163_7",0.9883036289934912
"7342_10",0.9527522388905347
"766_8",0.9905361738126186
"5399_1",0.03544754101249557
"1565_7",0.9784872085463573
"12_9",0.9867026375118192
"11574_10",0.9708639863804973
"8194_8",0.8692715797469948
"6110_10",0.9551677988178696
"8108_1",0.04044981682146082
"3852_4",0.04164996599231519
"11474_2",0.03524506958870322
"11554_10",0.9696548854374369
"1798_3",0.06308734442088623
"11814_10",0.9873916571840384
"5072_9",0.8922155646686463
"4389_10",0.9851143860917306
"8148_10",0.936407734980352
"5840_2",0.05449380859512014
"1972_7",0.17458945876935109
"10169_3",0.051319072048724095
"8651_1",0.03477709991515372
"6399_3",0.0355331758255139
"8965_1",0.047906145488433
"8853_1",0.027710165157789325
"2841_9",0.9896940850571718
"6658_1",0.19046799051802418
"11515_1",0.17176702246926412
"4474_1",0.03995034994741183
"8221_10",0.9628625828194366
"12204_10",0.9520180228684585
"10671_1",0.03755875464670515
"7335_3",0.15259568259886785
"4050_3",0.8036174971025544
"9465_8",0.9701742144579749
"11620_8",0.9863111527155182
"11998_8",0.9900187254374734
"11188_2",0.1532107711661338
"6656_1",0.035014301799022936
"3416_4",0.04642631254949948
"11558_9",0.9496170999031723
"2752_4",0.050338837281472024
"10330_9",0.8756535726232759
"9323_7",0.9901981292666601
"12232_4",0.042288026704865325
"5699_7",0.16918250076787952
"1020_2",0.07426090411152146
"1161_1",0.039559322524442206
"10187_10",0.9802966366483397
"4585_10",0.0643525358137157
"7570_10",0.8862175918074543
"9752_1",0.07140676526313848
"4956_1",0.036435936702715485
"1355_2",0.07235644238962552
"10456_1",0.041444077707297855
"8757_10",0.8950458181144488
"2286_3",0.03378106328433227
"1297_7",0.9445830099409305
"5326_8",0.9895523422075624
"11535_10",0.9906209734288074
"4783_10",0.9041315866298905
"4292_2",0.03535700763596044
"2856_1",0.035494474798565274
"450_10",0.9855777834176641
"9611_1",0.9342789450672848
"2403_1",0.11229715518424371
"2037_7",0.9773718284942682
"9580_1",0.05525411883541492
"1694_7",0.9594802828385045
"11385_10",0.979629531362191
"493_1",0.03655192286027056
"9013_10",0.9903046995620431
"11235_3",0.8572125409428738
"10793_3",0.04134779195767842
"2197_10",0.9526720865629749
"1887_2",0.06041631808508055
"6617_7",0.9650743533811298
"12028_1",0.03400973919083806
"5413_1",0.036374238723123654
"1134_1",0.03910886931358514
"1290_2",0.04350760915180901
"12241_8",0.9314326312630989
"965_3",0.07144960276553988
"2044_10",0.991106487380227
"7782_10",0.10645877794000871
"6087_4",0.8877074844669643
"3600_2",0.051126565888982504
"1588_3",0.10050789170230973
"10421_8",0.8647994866147837
"3390_10",0.9718089342790076
"6531_1",0.038283286777474834
"9792_10",0.9850103419595109
"3755_9",0.9842989086537366
"11471_7",0.7894831166883944
"10427_10",0.9740432030342439
"4011_3",0.17860230083133094
"8784_7",0.10998770485810652
"10714_9",0.9917676256294667
"6031_9",0.839807367237252
"8130_10",0.9853863413448254
"4772_9",0.11149651378412828
"6599_7",0.8500111665985227
"11335_2",0.06395324524293945
"6412_1",0.03426227364263827
"998_7",0.9863679871235134
"9542_10",0.9893254218037555
"1490_3",0.11792765226372497
"4142_10",0.9896641612347051
"8371_10",0.9886686543427713
"5457_8",0.9841102735455604
"5001_8",0.8425270689729943
"150_9",0.9880530430589652
"8487_10",0.9185602234653649
"10024_3",0.036554201271564835
"3687_8",0.974513845505295
"6171_10",0.9866269507304114
"5462_8",0.9602560534140167
"1372_4",0.05081159925339709
"7361_8",0.9271916581428119
"1030_9",0.9857905028785534
"3341_8",0.31771155375413446
"7677_2",0.04052980997318565
"6584_7",0.9868624986411814
"2372_10",0.12229371885418325
"5898_9",0.9898946572155463
"7370_7",0.9567229660438241
"3018_9",0.9943768324686428
"4899_9",0.9621553290949707
"2385_4",0.07451671598840608
"8433_9",0.9840012206563093
"1989_8",0.7993101535834733
"10401_7",0.9220572162666889
"5668_1",0.05531370449535576
"11516_3",0.03785898624724871
"12419_1",0.03607372411296998
"5402_7",0.09276186784955676
"10537_9",0.9831758634475947
"117_10",0.9432424647894055
"6756_4",0.20054706446292656
"4051_3",0.0681816150143848
"9687_10",0.9152168807031623
"11011_2",0.034087569215236556
"8460_8",0.8154945160173784
"5155_3",0.09236323152707165
"2473_2",0.037932300064974896
"4074_1",0.038598057995973135
"4730_10",0.937366986292512
"5310_2",0.04345685439315321
"6630_10",0.9824145450313141
"4363_1",0.034290291904531665
"1022_3",0.07237315823939704
"8247_10",0.9570686927616736
"7437_10",0.9869973706964528
"3846_7",0.9824242999296617
"7298_1",0.03434745918145412
"11955_4",0.05617042374710833
"9448_10",0.1701915882207131
"142_1",0.03466474378166674
"2260_3",0.035901835364026226
"9012_4",0.07847375944216597
"5321_9",0.9658060865334259
"527_10",0.9880996895203652
"2898_3",0.03481732239770059
"12302_9",0.9868500301825243
"1463_4",0.9377630744160961
"5278_1",0.03662190502173242
"6450_1",0.040891824831625886
"9704_1",0.10134690333825329
"2673_2",0.037365321340040836
"10175_2",0.03730981754896725
"8006_2",0.8802284018467129
"9492_4",0.10516774986700679
"4595_3",0.8487042431486628
"9499_2",0.04167232545159165
"7869_1",0.035466072990641924
"4047_10",0.9909181931480511
"4962_7",0.9731481786052922
"4052_2",0.039446308333388705
"1423_10",0.9528577857244269
"7376_2",0.03742057325080823
"1067_9",0.9818650889970325
"3289_1",0.0841511655712914
"5780_9",0.11634194374242642
"2965_2",0.04603682003138547
"4127_10",0.9854731444202075
"10156_3",0.039121213307043455
"11164_1",0.04345111739535088
"1422_10",0.9528577857244269
"9470_4",0.05242494438004004
"7733_3",0.14270565469912483
"3814_3",0.128425594794936
"9900_1",0.03745768191009453
"5363_3",0.034930907978633165
"2878_7",0.8391551908482693
"11647_2",0.0388819868038962
"1729_1",0.06937912987385589
"2263_1",0.15640728397163742
"11707_2",0.03681372969686621
"10722_7",0.9848299070277876
"6321_9",0.929927154968857
"7339_10",0.987474847024693
"8003_9",0.7392763580534506
"11009_10",0.2770869518943815
"9458_1",0.05694589500149276
"10359_1",0.03432779520244719
"5530_3",0.04697546035487114
"3377_9",0.9899542734459446
"2256_9",0.9740943092132941
"9036_1",0.03653765463471382
"7621_7",0.183591124455409
"9992_4",0.12473306621648882
"1004_10",0.9900050459334686
"6339_3",0.05498308804382483
"5554_10",0.9505195948941989
"10128_10",0.9924470727224568
"4540_10",0.9822534569119787
"1410_7",0.9304862321636963
"7072_1",0.036679868174453206
"4324_4",0.04353350075020588
"9611_7",0.2052931116743022
"7571_10",0.9862231401854734
"11337_1",0.036297451313451155
"1169_1",0.053677668467062255
"10881_4",0.03644334998655703
"8782_4",0.05348511529130569
"5357_10",0.9870519289653792
"9318_7",0.9357487082022728
"9071_3",0.9851116110371358
"485_4",0.05251693441802982
"3164_2",0.1636315418458418
"1343_10",0.9737499027316131
"571_10",0.9898742981493676
"6749_10",0.9811628750550389
"1945_4",0.036136506308533656
"8132_3",0.03565269856821483
"12380_4",0.04124373369840546
"11183_4",0.8740495901785892
"10526_10",0.8770408349499513
"7234_10",0.9884512398902484
"3054_7",0.8807871342595056
"5217_1",0.0353606066391186
"7106_8",0.28120996955987065
"11043_10",0.986079696578779
"8447_2",0.042756866917663616
"9744_10",0.9877440541087157
"10638_9",0.9801876711502777
"8778_10",0.978416975280723
"3666_9",0.9893034749714438
"4223_10",0.9655968565873234
"1642_2",0.07611343354775718
"10541_8",0.07610665434189941
"8067_1",0.04753551848343047
"11116_10",0.9778433000672848
"8701_1",0.037441665993422836
"6422_8",0.9758767693930858
"9168_1",0.046910944462812104
"4130_1",0.035173577100879344
"8492_1",0.039472061419392704
"6430_3",0.041428837550911
"9306_8",0.9372836278138644
"10487_7",0.14660128630245745
"6687_1",0.17897611296524868
"11869_1",0.03876417114934332
"9224_10",0.9860834627378219
"1625_9",0.9683038677907411
"8651_7",0.9267663061694376
"3702_4",0.06206041305174828
"4470_7",0.22724227967763833
"31_4",0.040636512920823646
"11316_10",0.9903401315370367
"5961_8",0.9791255776770643
"4428_2",0.038706721808276126
"2540_4",0.20953562015296626
"4855_2",0.9553219085914191
"9997_2",0.03819106015458612
"12214_2",0.17432875736572118
"12383_2",0.039329448672715143
"12344_4",0.10653493395726599
"8147_10",0.9740292598998509
"2019_10",0.990666408959304
"8161_3",0.04857774491039572
"7312_10",0.9022813838396981
"9310_8",0.766349743677726
"11966_1",0.03466722044319646
"8962_1",0.04167566499795182
"5661_4",0.03577280419754473
"5765_4",0.03735827679880852
"10934_8",0.9839244488427596
"5801_9",0.9042568162812974
"190_2",0.14374769847141272
"880_8",0.886092631933868
"10677_10",0.9326778972428362
"10520_10",0.9891657700195982
"6697_7",0.0857902326273428
"11582_1",0.035647355386534754
"1986_1",0.03595154367487511
"6021_4",0.05554030734843571
"7220_8",0.24281519373310212
"5870_1",0.037100579232232624
"1459_7",0.9085113770880886
"1733_8",0.9904801833313226
"7060_9",0.970432236557259
"5249_9",0.9842930184643902
"8845_9",0.9813605198631867
"10133_8",0.9477915492622646
"3041_9",0.9513766448520871
"11504_1",0.8600477984991497
"6261_8",0.9508947300560741
"2942_10",0.9905515287232922
"5522_10",0.9682825575176726
"4260_8",0.8038296981796346
"1600_2",0.03978017620560674
"1698_10",0.9667768712117223
"5823_10",0.7976860765130974
"2413_9",0.9861875755068383
"7316_9",0.19862303533050402
"5963_2",0.03461092959105248
"9960_10",0.9880001629648765
"6014_9",0.9638075122140563
"2357_4",0.03756164443579564
"9788_10",0.24611172700592562
"8100_2",0.03505508274158794
"4099_9",0.8416847777931217
"10894_2",0.034503907229480824
"7940_1",0.03534763762300129
"3605_4",0.9027937869811093
"11270_3",0.07559668811964307
"2306_8",0.9777565381610654
"3825_10",0.9852586528634697
"161_7",0.1723057149756608
"12121_9",0.1895305023339193
"7916_10",0.863315349831754
"10598_4",0.04060881673933711
"3484_10",0.9860005510395278
"8967_1",0.0367449904577486
"4005_2",0.1868440583810996
"10355_4",0.6508735737316406
"5215_10",0.9436608657869767
"943_3",0.035505989787290686
"11786_10",0.985069545812448
"5938_2",0.04940563466109049
"998_2",0.0963944740196418
"4333_4",0.03866706301074971
"6606_9",0.8888735349121982
"5251_2",0.04058358287249638
"4152_4",0.9159819719954075
"3148_2",0.8303722830082587
"3344_7",0.988567279412872
"9832_3",0.35437137161897236
"2689_3",0.16137782169246156
"3400_10",0.9841595349961136
"4000_4",0.8145052295206412
"3934_3",0.15558552669835446
"9014_9",0.9413161263052331
"2339_9",0.9767766492747894
"8833_1",0.040039842655816345
"10197_8",0.9900676629511429
"8811_1",0.22659840382570312
"1805_7",0.9817842270680913
"2238_7",0.9683317569883794
"2487_9",0.8266806567632203
"1737_1",0.0380254659432556
"4085_2",0.0381088643975004
"5665_10",0.9565045859881197
"9721_4",0.03856655860308968
"10577_9",0.9385635825826023
"8892_7",0.9676649706546243
"4503_10",0.9932850140960523
"9348_3",0.03556066971723175
"10382_10",0.9823274559019561
"8339_3",0.0352884681728
"5199_10",0.9766274548676452
"1897_1",0.03733815763062592
"3578_9",0.986670230096786
"9192_7",0.8822704413784761
"12154_2",0.03556061518754886
"5089_2",0.037464883935735965
"8988_7",0.06040184782576059
"10170_8",0.9226184459373898
"6690_8",0.9751880424918045
"2549_2",0.02922620412615976
"6546_3",0.03524944634050228
"5283_2",0.036174353369652294
"8131_9",0.9630772558258418
"4745_8",0.9680144035016272
"7251_1",0.03675399398391629
"1829_8",0.9863896370015774
"11922_9",0.9903466423655666
"10322_1",0.03444966205237629
"3163_4",0.09691311307063427
"11849_9",0.9882634779647514
"11809_10",0.9688935444247783
"1275_3",0.06679245616606863
"11694_4",0.23742050958212108
"12112_8",0.918971482120968
"11212_4",0.8519395556894421
"5124_10",0.943181868493217
"5362_2",0.03573876828908819
"2680_9",0.9835845562314607
"11181_4",0.9656962058307581
"4345_1",0.03874396104056797
"8916_7",0.9831554096082068
"10042_8",0.9809467342435938
"10324_8",0.8350287206945686
"4425_3",0.8934653610370356
"9133_3",0.7958737667799807
"11028_10",0.9891382809714377
"1941_7",0.864598674977622
"10142_3",0.07086137322089202
"4572_1",0.041354726854315065
"10512_1",0.030666030806814473
"7180_7",0.13422415860139408
"3948_1",0.03816022606880018
"1238_4",0.05153716524164144
"5269_9",0.1559380805062719
"12346_8",0.9055901591647036
"11481_4",0.0803407940510158
"1943_3",0.035064153840093586
"4742_1",0.03423483957597425
"2433_1",0.03820817434686215
"4422_3",0.045721973492555794
"342_1",0.0372347297146659
"736_8",0.9791249136658591
"3036_10",0.7735852438389664
"9336_7",0.9308741087800914
"9205_1",0.03404775725350491
"9923_8",0.9808823281494053
"8875_2",0.037125300039715495
"2023_7",0.9790992141763357
"4102_1",0.05709606143999203
"11345_1",0.032063266123071386
"6736_9",0.9906087658391678
"7839_8",0.9888033943955541
"8572_10",0.9795276143411515
"7211_1",0.035014281936995066
"6666_2",0.034985629003139604
"1978_7",0.9692699579921952
"3156_1",0.04457522705069828
"3333_7",0.9803185135862592
"3720_4",0.20144184288145492
"1450_3",0.9722447216073911
"8563_10",0.9276387198239666
"9087_9",0.9871697015074745
"6843_10",0.963740364813781
"3485_7",0.8133387263900035
"4259_10",0.9893964276339071
"10186_10",0.9339087068661053
"3312_3",0.038646288099855965
"7624_4",0.056598488487267645
"7930_3",0.04219811757748622
"8407_10",0.9817609321090641
"1771_4",0.9364327870725496
"11919_4",0.038629212997162946
"425_2",0.10588210835931366
"11795_2",0.04023235198337329
"6767_1",0.036087709131669005
"2996_9",0.9818341888893135
"990_1",0.05594473804129681
"3757_3",0.17981378479251328
"2981_2",0.08864614190247094
"10277_2",0.16144348308844456
"662_9",0.17689548803223337
"5311_3",0.11932801349006791
"3796_10",0.9743785778326008
"3846_1",0.034656550410383125
"5651_2",0.03614054159272689
"6649_3",0.042150232002191354
"10779_2",0.03787271800592656
"4548_10",0.9576018608917377
"7275_10",0.986175570766129
"1605_9",0.9611755490208658
"3580_4",0.04505787841955549
"5712_2",0.036264380976744365
"5287_10",0.987391919077403
"3230_9",0.9363240930093416
"7936_1",0.05344099715549443
"9983_3",0.03588898470370509
"9959_7",0.9714696217354586
"5739_4",0.061305239378164754
"4308_10",0.9704742118580394
"4854_8",0.929211802722897
"8620_7",0.1712568943859065
"7923_9",0.9787460523291256
"11686_10",0.9706236526307324
"8253_1",0.8519377128635925
"11030_4",0.8852178181465096
"3995_9",0.9849204204789952
"10763_9",0.985521891146745
"6780_8",0.9720610778703729
"10895_1",0.04097686244180986
"11778_1",0.07287959129510996
"8512_10",0.14258075767624112
"1061_1",0.03883627294502173
"10584_3",0.03630990769758225
"212_4",0.03880378336412897
"1908_2",0.03773452460193152
"10958_1",0.037517706420696004
"980_7",0.9471220271707276
"2686_10",0.9648189496604247
"2088_1",0.056515986607134305
"6075_1",0.051587982941429675
"9782_10",0.988166604073252
"9180_3",0.05868967484256558
"2478_3",0.03685017707376305
"1634_2",0.034161518642553575
"6810_8",0.9599341721014844
"2562_10",0.9413818506380839
"3841_7",0.9518775403192452
"5387_1",0.037250428764513774
"9047_7",0.9857744531351604
"4962_4",0.2208908151399379
"8597_8",0.9762470436989511
"1515_1",0.03790909726115202
"1974_1",0.19418722121295792
"9935_3",0.9841419333783163
"2404_4",0.8717837343159823
"8638_1",0.034224071356236466
"8720_1",0.04614602546876053
"11411_2",0.21327934535738716
"7676_3",0.8575416332796215
"11756_9",0.9088726686002966
"4195_1",0.03546524443709538
"11787_10",0.8068707240814236
"11838_1",0.08899797850624767
"11748_1",0.0347049414024893
"7309_3",0.8879431820246725
"502_4",0.9725170581563887
"1239_10",0.9174809860533899
"8925_4",0.04214338850383865
"4242_1",0.04230687119018685
"2112_2",0.03980919212465808
"6359_8",0.9906512533140531
"8034_9",0.9904291322374643
"807_3",0.11504559650915572
"7852_4",0.11103221427889629
"8014_10",0.9875043224130923
"4823_8",0.9765535291851618
"8448_10",0.9526937480450028
"3564_8",0.7416924104126661
"858_4",0.9413735576904476
"8529_7",0.7950032054619702
"6515_3",0.04108467689788054
"2646_10",0.9161711675474757
"4278_1",0.14744013610000373
"5641_7",0.27871206618060784
"5382_4",0.04641255054708502
"3300_8",0.9784396727275815
"4849_9",0.98361692001541
"12013_1",0.10130607742071368
"107_4",0.2805385195626593
"10046_10",0.9137378916641006
"9141_10",0.9827876497528657
"10297_10",0.988951730903078
"634_10",0.9849257724087563
"438_2",0.040437844200651725
"11794_8",0.9850401646970488
"3937_4",0.06382432117315259
"3602_4",0.08449147946460826
"11851_1",0.03734719724229687
"8690_7",0.9241904662656779
"2697_2",0.07276898211115786
"805_10",0.9893549053420553
"7572_1",0.03730910306789571
"10553_1",0.042111581076342275
"5246_2",0.036742522681496935
"2064_8",0.16601084461771481
"11856_1",0.07681147527133539
"9026_7",0.9345268205974522
"4449_7",0.9842183080043676
"8579_10",0.9669241699223817
"8503_7",0.13395125884997175
"5734_1",0.23438647938983398
"11507_1",0.04156149264399645
"7956_10",0.25877600423477687
"11245_2",0.03725099755941714
"6142_2",0.14616943260970827
"10657_1",0.03918633569490306
"7992_1",0.0587471987366616
"11347_9",0.9138126019986808
"5278_8",0.9862175905660108
"6362_10",0.9030638560632537
"10214_2",0.058021774695979564
"9184_7",0.9665882689947123
"2666_10",0.9571717976115797
"7527_7",0.9726120515594789
"2001_1",0.0464306769827444
"12000_4",0.0393050176758637
"10302_3",0.7921397550116107
"7160_10",0.9873395404263953
"2757_10",0.9887834608786878
"3792_3",0.07330044636177115
"6199_1",0.034394947687370836
"10467_3",0.037110161811229364
"531_10",0.9846971508365883
"8193_9",0.9895544297161156
"248_7",0.9893359538009379
"187_1",0.040241601412772686
"5193_8",0.9776959052294341
"5138_8",0.9905023390319919
"8467_1",0.1036712211384836
"11029_8",0.9826169924920333
"667_4",0.0386191946035242
"3714_1",0.03609961238425045
"8102_4",0.9519876988125104
"9195_4",0.03479643771001115
"1432_3",0.037282508285389315
"9095_10",0.9111259264107661
"11510_2",0.056185341861759865
"5644_1",0.11769380720506245
"2556_8",0.23073329662409026
"11887_2",0.048925501719243834
"5374_1",0.03957202194319589
"5356_3",0.046796242997064336
"10209_1",0.05280152067718041
"2001_8",0.1638633667802051
"6088_1",0.11286081442530835
"6140_4",0.11483151832768604
"11494_4",0.04373533778342677
"11631_7",0.9180992240775774
"4818_1",0.06305563706805054
"10914_1",0.0363271216946298
"4472_8",0.9877466676842193
"8735_9",0.9456769452145328
"11190_1",0.039492928977489974
"462_4",0.03427159393481698
"6566_4",0.04338606545141138
"4598_4",0.11439676550022047
"11566_1",0.03618507995840026
"2560_3",0.05677392514009777
"11969_4",0.043192469614348306
"8765_1",0.03412208001554688
"9957_10",0.19640423897980733
"5210_10",0.9577828858434878
"5007_10",0.9726024360442265
"10290_10",0.9832815505433301
"10319_1",0.03632781927742125
"1848_2",0.03518932673809673
"1319_3",0.038413684255284394
"11248_10",0.9875710186093642
"379_1",0.036011431513289005
"3469_10",0.9720924451775584
"437_2",0.037266269923360115
"3648_1",0.08343271269551879
"8834_1",0.05223620293668353
"3316_1",0.03680935971848333
"9563_2",0.04776495570213328
"4500_9",0.9688679931041296
"6226_3",0.04117430963864363
"5653_3",0.03908655805975556
"5415_2",0.03567164386728193
"6725_4",0.034694015187566346
"9462_10",0.9899897769979968
"3471_3",0.6827367942644619
"7259_2",0.03664439211573036
"8181_3",0.0490364298240312
"10749_1",0.22009272837011154
"12283_1",0.03448135184184489
"402_1",0.0342845036540348
"8024_10",0.9872865946088936
"11114_1",0.035106795651149714
"461_1",0.038455570181425515
"10025_2",0.035444098774340974
"3358_4",0.9127815372640249
"2022_1",0.0354918645359412
"12493_7",0.988524300444548
"4131_9",0.9865160310854741
"9852_4",0.040308805128162525
"7122_1",0.034980140200498035
"1994_10",0.9882425843983142
"10723_9",0.9867233059690536
"3900_8",0.9880702665218891
"7741_10",0.9493554636199124
"4287_9",0.938699513048443
"10195_10",0.9620781528574142
"10941_3",0.03690904892369145
"1615_1",0.053400103102642094
"12337_3",0.04235563026225872
"2259_2",0.1531110660982767
"6179_10",0.9912252491825688
"138_8",0.970922099560148
"6482_3",0.06622314220788719
"10362_4",0.03410296070176294
"1341_10",0.9837161329910441
"8299_8",0.9080772074606613
"7839_2",0.03642143944780464
"6659_7",0.9608385951069468
"7143_10",0.9938081316191754
"12445_1",0.03476248117751347
"3796_3",0.04757335159210375
"4180_10",0.9690681753920006
"7775_10",0.9854216668802535
"8946_9",0.9613839339660345
"1936_7",0.9063319391385772
"8387_1",0.03476052264610381
"10092_8",0.9693861540525252
"5729_10",0.9754234174663517
"1399_7",0.9852211940674673
"4011_8",0.9880425215662163
"7868_8",0.9840276441355316
"3546_8",0.960625982609247
"8643_9",0.9877636628863118
"6033_1",0.041532720250730445
"428_10",0.7507149706356042
"3385_10",0.9903500896053665
"3073_2",0.03693760354049434
"4169_8",0.9746483465990974
"8191_3",0.03620828432492333
"211_3",0.03893492709354106
"297_2",0.08092118812161739
"4286_8",0.9889776525661191
"535_10",0.9888521398115175
"4851_4",0.9321195748457702
"9707_1",0.03584907932662675
"9740_10",0.9191025677696792
"5410_1",0.03461464752279817
"1436_1",0.050707842032437916
"3766_10",0.982257141682902
"2483_9",0.9853521969509074
"1937_10",0.992318919042487
"2939_3",0.04184044131217706
"3372_1",0.03714490311644437
"7825_10",0.9062756999984155
"7780_10",0.9905131876228357
"7656_10",0.9751695441462762
"4850_7",0.9582063954394423
"5083_4",0.08735241765946773
"10429_1",0.03815430353971102
"8009_2",0.03488035020981168
"10879_4",0.035807587594718776
"7328_1",0.04023462489357894
"10055_1",0.0449472443058777
"11715_7",0.9399569539522951
"1547_1",0.03708680424144612
"7665_9",0.14446259167707343
"6061_10",0.9764444565978618
"10800_1",0.0412902532033372
"10234_3",0.03949294576396099
"11334_2",0.042495003586434675
"3106_1",0.03901268442076575
"12173_3",0.04318773070671138
"2076_10",0.9871851631699706
"4414_7",0.10099018589101669
"7679_9",0.9474038783356781
"2010_1",0.025263322080595025
"9460_9",0.989144221085529
"11261_4",0.060198514905203594
"7500_10",0.1062277572876501
"9503_4",0.0523348401511642
"5937_4",0.056525560773517
"87_10",0.9771032894038301
"2968_1",0.03503904726759156
"6728_9",0.19839231140019187
"9954_4",0.037890387602773835
"5875_8",0.9873749748643351
"12429_10",0.8478668564558741
"11247_10",0.9715918127964385
"8879_4",0.930177423595778
"2999_1",0.040726075217984964
"11448_8",0.9469211545676701
"3629_1",0.0362080404305325
"1302_1",0.8794946540505774
"10851_1",0.041220843301508714
"9533_4",0.037799047501960094
"4078_2",0.048739270810363354
"7813_3",0.04693490063043143
"11284_10",0.9781052401848833
"3509_8",0.989585173165366
"11198_3",0.04103097722552083
"9197_9",0.9859462044842904
"3603_3",0.9858982721391235
"6472_7",0.9907337917764986
"2410_2",0.03656656703800742
"10240_10",0.9582271567443459
"6507_4",0.08102130458736634
"1511_2",0.11250728239707591
"5475_2",0.036112353779104406
"5728_1",0.034513031348144665
"5294_1",0.04136967206983492
"12024_10",0.9789055738205814
"2355_1",0.043771161308148857
"4088_9",0.9730976406237601
"2580_10",0.9740712235346566
"9423_1",0.11989389915186292
"6836_7",0.9833564541967272
"11806_1",0.0341920954036534
"8412_1",0.03743765060511551
"770_10",0.9738437442052359
"1029_10",0.9113374673077975
"11288_4",0.08573496831575886
"690_3",0.10387376678296802
"1925_9",0.9740082091091364
"2116_10",0.9732169232705725
"8597_2",0.0789759404056034
"8734_4",0.06781521288299093
"5549_3",0.03557684122557589
"5447_7",0.9791973831965436
"2519_4",0.10130897614439938
"11323_7",0.9024202414236331
"9338_1",0.0316202098425382
"3299_10",0.9876723566251082
"10585_8",0.8097400491063111
"3945_7",0.9718702904832229
"813_1",0.0431887639972076
"1300_9",0.9677800540875487
"5849_7",0.9815480574270689
"5535_8",0.9496455629244944
"3612_2",0.03577270503034719
"11064_2",0.03572193993190145
"376_10",0.974849083119883
"8504_2",0.03439302722146667
"8198_1",0.044996453251305024
"6485_1",0.034371876936417974
"9011_3",0.06407891098441547
"6766_1",0.06312242296505716
"7282_3",0.181127198154109
"1450_10",0.9643525724059665
"10644_8",0.9216820018318179
"5424_2",0.9543202117125112
"86_3",0.18178961752864187
"1221_1",0.04054246631336193
"2309_3",0.06413953052891844
"5190_4",0.03914081490519695
"11498_1",0.04085398454313307
"11959_10",0.9833139799814716
"10465_10",0.970733210783523
"3922_4",0.8833661143841522
"9710_9",0.9269368435672602
"2014_1",0.03457071696794028
"3791_9",0.7822537054520282
"3548_4",0.06468111028825534
"6001_3",0.060004342474804136
"11920_4",0.17127823147099716
"10152_9",0.9748036725160918
"10305_1",0.9689390879740054
"10626_1",0.15674770505915742
"3057_3",0.15617511841254544
"5387_8",0.03664366206258944
"8138_2",0.04068002735799538
"11134_1",0.03488049993717015
"8341_2",0.03649098240763507
"6687_9",0.9683637970262919
"671_3",0.2957425389096386
"1156_2",0.035015317022107195
"11841_9",0.9868443107577611
"7193_9",0.9863459586812259
"2257_10",0.9883795181245912
"5261_3",0.04467729426569349
"10475_2",0.052834834456528
"11175_2",0.04488204456756958
"8122_9",0.9521454137486971
"6266_7",0.9809193609781368
"4340_9",0.11509601522913132
"331_4",0.04836838710581552
"854_7",0.9064864705142779
"6800_10",0.9900260436240023
"982_8",0.9698003540820684
"5916_7",0.9891513003836507
"5871_2",0.03743734172218752
"4106_9",0.9876004479220647
"8506_1",0.04999260452137884
"4610_9",0.9877218621531952
"5086_4",0.05999103299046596
"453_9",0.05667064675575012
"4611_3",0.03850691764081801
"3764_4",0.037312414565101724
"7644_4",0.03833634660939003
"4037_2",0.033067255501617106
"1595_10",0.17357663781278404
"7792_3",0.03538468019498808
"10068_3",0.060703740902090804
"7199_10",0.9801520370167531
"2050_3",0.03579794825640103
"2460_7",0.9609665340404359
"9299_1",0.035512333206083276
"6297_4",0.11223149398000218
"7797_10",0.9734711445536011
"11272_8",0.9843122582825343
"7808_9",0.9746429755634691
"5806_3",0.03688815752225985
"4573_10",0.8394684065476787
"3935_7",0.9760497975648802
"3502_1",0.03752515185870067
"5744_10",0.039695837622342675
"10548_10",0.9874027988046921
"3746_7",0.9382554765141866
"3851_10",0.9905054292411888
"2648_2",0.03819259561985849
"11397_3",0.04669787884828878
"1024_4",0.047845541946586995
"4034_2",0.03428472396349379
"7010_10",0.9873676389768753
"10429_9",0.9832209001476561
"8086_1",0.03429098870213588
"6463_4",0.10417046717550495
"3540_3",0.7182497767509619
"7608_8",0.981582862448356
"5123_4",0.9179136265402037
"8139_4",0.06975754023575864
"2535_10",0.9808781177442808
"4187_1",0.03709638745444263
"1711_4",0.06299285021841888
"6197_4",0.076085017180014
"4953_7",0.8888099220338777
"578_9",0.9823475954129586
"4244_10",0.9830022926165065
"3893_8",0.9866396425334925
"4903_7",0.7923500229271613
"9850_8",0.9880050352017696
"11450_3",0.03705176442575804
"4926_8",0.98914541424337
"804_1",0.04521294101591761
"5933_7",0.7516145388705447
"4407_1",0.03827172175612874
"7951_7",0.9762062037480367
"9759_10",0.9539253475262139
"3936_8",0.9595394320081644
"6998_1",0.09090146493760952
"8967_7",0.9674056083289706
"5061_4",0.8863482014433264
"7787_3",0.049337908493906374
"8320_10",0.9868242893624515
"967_7",0.1421852670520202
"11996_7",0.1022911988540268
"4233_8",0.9236860118135842
"2494_8",0.9808707226566715
"6804_8",0.941239735470935
"1452_3",0.2354281700514767
"10327_7",0.9666640171460252
"1510_1",0.03789397520839582
"7223_4",0.06392817947367493
"2280_10",0.9861399063625416
"4092_9",0.9876441169266963
"11305_1",0.041203515289380384
"10599_1",0.039456813815539026
"9545_4",0.2775636295671347
"6423_8",0.9525583835714053
"12314_1",0.04133228943250556
"8470_1",0.06325604688797669
"8957_8",0.9778219670122814
"1725_9",0.9897828714354101
"11127_1",0.0352479667671163
"6570_8",0.8658443241480556
"10477_1",0.161397308239429
"5503_4",0.050948179252328786
"12251_8",0.8995652532584654
"3474_10",0.9913726002634294
"7269_1",0.03706455618741712
"997_3",0.0551225199890212
"10781_10",0.9838824178440239
"6598_10",0.9851326974140234
"9225_1",0.042380799427661514
"20_9",0.9862181895004357
"9671_9",0.896199625329356
"8627_3",0.04032435641044875
"12404_4",0.9530889657246145
"1110_7",0.988171371429177
"6979_1",0.03814641498197095
"9082_1",0.03608878401364344
"3626_7",0.967965873787527
"4856_4",0.9554858084901208
"11510_9",0.8598117456880429
"7024_10",0.9925483933697647
"1501_9",0.9573573509785643
"4185_9",0.9338625433954786
"8671_9",0.9882607550073232
"2225_10",0.9723728467986892
"199_4",0.9712706040404624
"6027_9",0.9536166722505627
"359_4",0.07203094952232311
"4065_3",0.03994015233214308
"12333_7",0.8909907597921537
"1963_10",0.980823298039366
"9106_1",0.03706771042341126
"10478_1",0.04226532821840919
"10859_9",0.9686894334175884
"357_1",0.03660604848157056
"6982_10",0.9838137685176458
"460_8",0.9841553612976865
"9266_2",0.0985569329429044
"351_10",0.9863952986265797
"9562_10",0.9614306682283256
"9784_3",0.04523122478656516
"5949_7",0.9886677187912069
"6489_1",0.06760222727081427
"1607_9",0.9123214709225826
"4482_10",0.9430118805473954
"8816_8",0.15956232723878366
"2427_1",0.3095239290997446
"4838_9",0.9902806287628836
"10961_9",0.9825105807553131
"6708_10",0.9734582603421439
"1045_9",0.9876868412517571
"3607_3",0.03796751141337597
"4325_9",0.9819594317600934
"4779_1",0.03917406582315906
"4624_9",0.9823897798555183
"4564_10",0.8855932481898062
"7132_9",0.935592644552231
"506_2",0.03375188333533399
"5939_1",0.036194991648888286
"3219_10",0.9896828097920054
"8620_4",0.04308464825925658
"2049_1",0.035114279895655694
"3367_9",0.9453386619456474
"7408_9",0.9532783882428932
"8850_2",0.03842805424474146
"870_4",0.05608111989798614
"8056_8",0.765851512793205
"11367_10",0.986425614599661
"6160_10",0.9605069310789713
"6712_8",0.9434322434557559
"5267_8",0.9209834903781111
"1191_1",0.039507315681126656
"1513_3",0.046774122478751186
"4741_10",0.19397811084386435
"9807_2",0.040766986607613645
"6926_10",0.9885689152851274
"6382_10",0.9908614720167224
"6636_8",0.954351229186621
"6592_10",0.9879785746192765
"11308_10",0.9412545931761114
"10853_3",0.038900585090452605
"1774_7",0.9808900613219362
"8259_10",0.9310594739530491
"8649_8",0.901440208586
"10739_2",0.13547036161808507
"9843_7",0.6755472733955817
"5984_10",0.9881009832529785
"8658_1",0.07020745515779035
"10386_1",0.03410188870348258
"3271_4",0.8985158805597286
"6167_1",0.03424653907762791
"529_1",0.036762768943984704
"5696_2",0.04523096604827381
"1601_10",0.26714053510264435
"10744_8",0.9855483450106461
"6121_9",0.28173095937702697
"2598_10",0.989312779458958
"9209_10",0.9793760941384846
"3831_1",0.03603315300298689
"7171_9",0.9731689419511235
"1850_10",0.9790509507199991
"8728_7",0.9826808171610202
"7698_7",0.9772546067169035
"5954_10",0.9897828168657141
"7104_7",0.05939929845313727
"5617_2",0.8121750751719313
"3896_1",0.07744401267418377
"4355_1",0.0754052823029878
"4212_7",0.9165463935514649
"622_1",0.03494458878938743
"3368_8",0.9721629869858246
"2870_1",0.05527568220319667
"12107_9",0.9885374417828708
"8016_8",0.9841016449159244
"8752_4",0.1870082986298478
"10653_10",0.9708631178257263
"7245_10",0.9860812507134945
"9742_9",0.9462974153680626
"7637_4",0.8751184439774453
"11903_10",0.967789092464417
"9818_3",0.0601554616436772
"373_2",0.070272423766779
"110_10",0.9257753780189066
"2450_10",0.9903572178369762
"9009_3",0.03614135948657771
"9132_2",0.05260818554734115
"11076_1",0.0371991365714575
"4285_4",0.19591287324345386
"109_8",0.09259595466318088
"2585_8",0.9461926569604089
"7781_1",0.03631214728997516
"1359_10",0.8827051611020817
"9773_3",0.042922464233542415
"10328_10",0.987443236079605
"12063_1",0.15850269823427557
"12061_1",0.037050266130109276
"555_7",0.8376416210572141
"2288_4",0.03746156641311461
"1259_10",0.055358805130619665
"12098_1",0.039702721426671334
"6493_9",0.9093805301235381
"324_3",0.0658265959758651
"7834_8",0.041604171722913225
"8918_7",0.8742272422583219
"10736_9",0.9882327653265384
"5272_3",0.13885632624426072
"4302_1",0.04255048541618772
"646_1",0.06613029901492469
"10868_9",0.8803485775752158
"9654_8",0.9588104869086611
"10790_10",0.987036287756633
"10589_3",0.04362127873526522
"6364_10",0.9563617535946483
"8477_1",0.034622821168054256
"6938_2",0.061861694124174145
"9420_3",0.037160066731171074
"1527_10",0.9852436234389704
"5769_1",0.049467970525512654
"1655_9",0.9903749029711484
"3917_10",0.9873788390429585
"8666_4",0.062451560934082814
"11820_2",0.060069091587805636
"11633_8",0.9573030395797438
"6136_4",0.038194557139627563
"10293_1",0.0387906436326036
"1084_1",0.035442375873401315
"12287_9",0.9731019991430502
"11297_1",0.03725471407808506
"6913_1",0.037871468524469876
"11371_10",0.9876920836823497
"9937_4",0.0707895602979234
"11341_10",0.9883334304629474
"5233_9",0.9481112092924721
"4358_10",0.987267316634777
"10735_10",0.9923817666535066
"5234_1",0.08521676852672391
"7523_1",0.047758821108552944
"5758_3",0.04113657360915541
"11916_10",0.9907895950996731
"10276_8",0.367843433908289
"5950_4",0.15954349626920408
"10329_10",0.974644390798695
"8419_1",0.03534726304306037
"3343_4",0.039378415915777065
"3640_3",0.10267028861718919
"10160_7",0.9362208357118378
"1181_10",0.9849200426449443
"9181_1",0.060668870482098694
"5778_7",0.23214922828481316
"3659_9",0.9802512559071717
"4695_10",0.9890320747211767
"25_10",0.9860857707439841
"6127_2",0.041645554118934607
"1343_2",0.0631003583902192
"1110_4",0.03936126525813357
"12166_10",0.9699549867702169
"1853_8",0.9901386142091165
"6651_1",0.04624631334667694
"4927_1",0.03457611544865834
"10933_3",0.07085143197805852
"6911_9",0.9745338644027366
"467_9",0.8202125870159387
"2267_4",0.08433828493779533
"9005_3",0.05770184397226787
"10493_1",0.03840002490785618
"8159_7",0.9147356706252402
"10039_1",0.039994082669538696
"5147_1",0.06975605004547339
"12176_10",0.908759629961387
"9299_9",0.9256406577869827
"2824_10",0.9481219240467335
"7695_1",0.04031570606655394
"8870_9",0.9843990094448913
"4063_8",0.9516446031439988
"396_2",0.040156356482024515
"9016_3",0.03472799598161862
"10148_10",0.9879794719259811
"2028_8",0.9833126483652396
"3738_7",0.16091909157468587
"11365_1",0.08961116799200655
"9987_9",0.9868391939015858
"4050_10",0.9902086631116691
"8028_9",0.9474392640178467
"10161_7",0.841537212873326
"5997_3",0.0696745048602517
"7771_1",0.1949650039761018
"765_9",0.9852752981219655
"6558_1",0.03942163352097656
"9148_9",0.9113838537210002
"10100_10",0.9865630589558422
"11870_3",0.08756665276255618
"143_4",0.08923834228031144
"5865_10",0.92966827389101
"2364_10",0.9704371549540937
"4695_2",0.03877960467072527
"3150_10",0.976691303821982
"4181_10",0.9299336665883348
"8121_8",0.958730522715361
"3263_10",0.9844176559569566
"9178_8",0.9909993567198677
"11323_2",0.041337596126537736
"8922_10",0.9876281004329467
"7884_3",0.13741928084501068
"6474_1",0.17190713729776785
"9697_8",0.94564336732634
"9184_1",0.03896688308694417
"9483_9",0.9757437714585124
"5353_10",0.9848544686549185
"5978_2",0.03698710812395575
"7162_4",0.7966028734762417
"12175_3",0.03664227932441796
"8229_8",0.9790031941739336
"8618_2",0.0351270723857661
"854_1",0.03486109837346762
"1379_10",0.8108214566485807
"10833_9",0.9689730165668756
"2244_4",0.04131466625355736
"8145_3",0.07191704427135365
"9069_3",0.10595293643780679
"691_7",0.9754590713640773
"421_1",0.04034571737121915
"951_1",0.9552495626103203
"4966_4",0.0545667313123935
"9116_10",0.9861079728814033
"7903_10",0.9841535041709359
"3684_3",0.08873003664005953
"9435_1",0.03986522583024181
"4998_1",0.03414868498142504
"9698_1",0.03634335999575787
"209_10",0.9735250549323191
"10314_9",0.9626769910355478
"6677_8",0.8420342045311724
"3044_7",0.8644844818884985
"1322_1",0.03692359649854734
"3185_1",0.042833700598485694
"6619_1",0.036584425901154405
"3765_7",0.1477262646419649
"3348_9",0.15056555772410096
"11833_4",0.08298948166206095
"2250_1",0.034775303220886386
"7760_10",0.22010952023316752
"8619_8",0.9407031323040094
"5790_9",0.9143941642135134
"9197_1",0.06255655281929559
"4350_2",0.03519925019040568
"11545_10",0.9807372884618197
"12448_10",0.9260051987327435
"7160_2",0.039050477807700885
"5966_4",0.9100660442906608
"5284_10",0.9897372079856448
"5276_8",0.09161505483245178
"7498_1",0.04587326938237207
"10729_9",0.9867978028232097
"1827_3",0.03495352318905669
"3111_1",0.03531462728908209
"8298_8",0.8052865140982137
"12447_7",0.902029599742684
"8035_3",0.03793710419621525
"1203_7",0.9825292356651634
"7620_1",0.057158139229469676
"2375_4",0.03573697039401174
"4026_2",0.03413213856489249
"1925_1",0.04108726416057719
"3658_1",0.03966670047632845
"114_10",0.9749827480163196
"3386_2",0.11184774762064112
"377_9",0.956003155029679
"8855_10",0.9898801885842617
"10476_10",0.991284653167791
"9073_4",0.8815256233312927
"3255_2",0.03974217605433566
"2918_9",0.9395844072856256
"5221_7",0.9655699520451247
"7546_1",0.03616824077223942
"8080_7",0.8973482727688605
"7434_10",0.19005989748107607
"1772_1",0.07028146735189143
"2690_9",0.9856543141634435
"7133_9",0.9420886283242906
"9947_9",0.9446306623304943
"11865_1",0.12378067338027846
"6346_10",0.9721171892529954
"2945_3",0.03801031862659556
"3625_8",0.9582449522388586
"694_4",0.0446133211899889
"6795_10",0.9669449221992836
"9353_4",0.9806374079059097
"12345_10",0.12197047400963981
"5316_2",0.05073070633961233
"12204_2",0.04876720212902865
"2186_10",0.9763873931666356
"5568_1",0.05242490217413398
"11080_1",0.044265397897442146
"228_1",0.059728955607058855
"7795_1",0.03649317048715745
"4886_3",0.0535430845540478
"11547_9",0.9266441667282057
"7494_2",0.13902766590754817
"5466_2",0.06252508387595723
"3655_8",0.9852015024504182
"4790_1",0.037690273133558806
"12370_10",0.9691545259984111
"546_3",0.18334950032197894
"11818_8",0.990082244032536
"9426_7",0.8034765403104848
"1524_3",0.13115312891478295
"6486_3",0.03949195759917889
"5288_3",0.03405442841280206
"6797_3",0.07472210165299185
"8130_4",0.808633288334774
"4064_1",0.05427956406727018
"4832_1",0.038090389740041995
"7232_1",0.04363103483769926
"7279_3",0.8699439600306691
"8356_3",0.1506389594801914
"3556_4",0.06958661886758127
"4097_7",0.9845235076322403
"7801_1",0.18927506709503988
"8393_1",0.04570537485940887
"5847_7",0.9885710405373517
"4470_4",0.06257815881329482
"6922_3",0.03540125056299912
"1094_7",0.20033782452826931
"10740_10",0.9859194153427236
"4933_8",0.9768203320472337
"7794_10",0.9948704685869213
"7218_1",0.0433499223615127
"12470_7",0.15431265565406338
"2980_7",0.983247970006171
"10896_4",0.0511916356435293
"8652_8",0.8683629293705244
"3638_4",0.03732167799098431
"9497_3",0.7136304300864288
"9266_8",0.9879863253083444
"7392_9",0.17875641738344586
"10_7",0.9193147501450241
"2466_7",0.8254588658220241
"1612_2",0.044526020835649514
"10262_7",0.9737458352375663
"2193_4",0.13682161005752794
"179_10",0.9896286876299285
"6025_4",0.19439266966436386
"7633_7",0.9860448959788592
"9716_1",0.03474340536310887
"9487_10",0.8297883389623578
"9800_9",0.9893360144496711
"6424_8",0.8443561861870453
"835_4",0.03812641878589377
"11351_4",0.11513737863174493
"5508_2",0.03783707946075795
"12395_1",0.054561985268326486
"11986_7",0.20727764114452316
"9947_3",0.9131939336413613
"11529_8",0.9804852125250401
"93_1",0.08928200122913199
"9914_8",0.9708366956169456
"7953_9",0.9591895032010181
"9418_2",0.04326319108538488
"9089_8",0.9816195470599385
"10337_10",0.9881845817235396
"4440_1",0.040540427227763555
"890_1",0.03562139250413158
"6965_3",0.036981733068900444
"6540_7",0.935681261807858
"7693_10",0.9583488412923316
"6470_2",0.04817963813257526
"9262_3",0.09614644634015528
"1901_10",0.132098590266118
"5107_10",0.9912775683666402
"6013_3",0.09347593994777084
"9295_3",0.04229118914288969
"3450_9",0.981011287051077
"820_9",0.8272089803905303
"3207_10",0.9872878780643459
"2620_9",0.9212479819750847
"9175_1",0.05241420266288138
"3058_3",0.03781277062733386
"4648_2",0.05598192757928507
"2012_9",0.9778376651794145
"8131_1",0.03605391016196895
"4808_4",0.03677861065308593
"9182_7",0.9627653433076088
"6829_3",0.03500364534713249
"10736_3",0.0510745545514378
"12347_10",0.8889371298090192
"9973_9",0.9907634067684297
"5320_4",0.18639861799201146
"4462_2",0.056675654882400464
"2573_10",0.818493694462387
"5580_1",0.03483031894029882
"11771_1",0.14182412314498838
"10782_2",0.8709770095335913
"7719_3",0.03705030756351403
"1897_10",0.9430397833176338
"8797_8",0.9674201808109101
"5464_10",0.9870022804507927
"6480_1",0.034883074855448455
"10346_4",0.03584425268871308
"9386_7",0.12392422736156491
"1027_4",0.2703281384241283
"11905_10",0.9866362720773684
"7804_10",0.9770219018818044
"1491_1",0.17394884597958302
"6521_1",0.03446138167855228
"11835_1",0.0352874006647443
"9661_3",0.03485812501306201
"9476_7",0.3461527913035612
"1398_8",0.9036986756237175
"7373_2",0.126332879291631
"10278_7",0.9841360220718665
"1422_4",0.10213122193904055
"2823_1",0.04485642656542577
"2691_3",0.038234274025908566
"5825_4",0.08593393469906663
"4113_1",0.04535810769451574
"10081_10",0.7453046792344545
"6700_1",0.03828507601496679
"4482_3",0.04462551240412744
"652_8",0.94309702652149
"5364_3",0.056494168529880824
"2853_7",0.9427207190880471
"4328_10",0.9472224503727582
"2636_7",0.9237364507699648
"10850_10",0.9857773471267254
"12059_1",0.040832528074751386
"4135_8",0.9838389713373344
"6311_2",0.03785430397125324
"12379_3",0.03535806331072695
"7288_4",0.04755850899386134
"1463_9",0.9751036530302252
"2112_7",0.9723412977242508
"3942_8",0.8656894945119022
"7693_1",0.07421954041744763
"2451_10",0.969417575194082
"11441_10",0.9832265660300972
"11331_8",0.8133635214906968
"7233_2",0.033869620773371745
"649_2",0.09439784530773337
"6388_10",0.9839744561051047
"3861_10",0.24200181083714312
"4188_10",0.9061509420658197
"10556_10",0.985357980229656
"5855_4",0.784295697904563
"7153_2",0.04207702182303185
"9710_2",0.039438736999695564
"7607_10",0.9911425112687745
"4534_7",0.12443329941098272
"11074_1",0.03507854972046231
"9650_7",0.9471882477836361
"10921_4",0.1632344290491703
"6121_1",0.05291532765094871
"10458_1",0.039641161425454784
"9602_1",0.034659897757072435
"9693_3",0.809835607477761
"9188_3",0.983684505042198
"6333_9",0.9474321425889086
"8905_10",0.9842920058168102
"1335_7",0.9019611510989611
"11513_10",0.9712592047256087
"6925_10",0.9792710426612636
"10928_10",0.9762357809740255
"12454_1",0.03570171081649702
"6286_10",0.7583832340009605
"5163_10",0.9277331621080805
"10200_7",0.22422187570882568
"3501_10",0.9892336612039044
"6574_3",0.0404615446494381
"5169_1",0.2030945360650147
"2640_8",0.9856575504755098
"7117_10",0.9750203406608634
"3569_3",0.8102891269344892
"9810_10",0.08250168099714028
"2080_2",0.04453138927219201
"3437_2",0.04931165337171857
"7503_8",0.9708440528971731
"3753_3",0.19037924971112685
"10868_1",0.03758212283970651
"12385_10",0.8461217610290612
"11870_8",0.9823268690541556
"6694_9",0.9831940541636814
"11824_10",0.9936756153046231
"1750_4",0.8701503395914169
"572_10",0.9672604825989457
"970_4",0.0787544650573082
"12211_10",0.19380975054049998
"6972_7",0.9897396384465282
"1554_1",0.20325261562996008
"8868_7",0.11323988068694082
"501_1",0.03538826760636701
"2023_1",0.0384765718188089
"4272_3",0.04098693515147733
"2536_10",0.9125298442029129
"2819_7",0.06558331370658613
"1810_1",0.03627431781106407
"11364_3",0.116264037604076
"6086_1",0.03507485264560136
"1901_3",0.03868317280889942
"2847_3",0.03860962184011654
"6224_1",0.039352533614298225
"4305_1",0.03843908503079917
"3685_3",0.037689537620383774
"6292_2",0.09686562136239804
"10626_8",0.9531856439785866
"10721_4",0.9542511690004367
"8086_9",0.987009466496295
"7886_8",0.9898726112763009
"6601_2",0.27911948108240914
"3806_8",0.950561135732132
"2611_1",0.03956026234437231
"1696_10",0.1221397604489569
"3823_10",0.09814657700935077
"6917_4",0.03737060804297315
"9469_4",0.10863839538737657
"9498_9",0.985393013578873
"11046_1",0.03554124534443848
"6519_9",0.9866120783791764
"10676_8",0.9852309363767953
"3139_9",0.26199185141032943
"1098_9",0.9737285742055737
"2588_8",0.9530907886313355
"9924_1",0.03575733346589715
"2131_3",0.03519203839079547
"236_3",0.9055248113426049
"5390_2",0.03908546797709436
"11292_10",0.10196304778535614
"4149_8",0.8419654024292691
"610_1",0.14758661952730218
"10184_1",0.03650407384265896
"9123_3",0.04917392403559361
"3220_3",0.06316794479378221
"9124_2",0.03872481542643087
"9103_1",0.03934505748853277
"2896_10",0.9760959358970432
"8478_1",0.034874373503129795
"11845_2",0.05812589841348682
"3646_1",0.9779202461493047
"12254_7",0.9572274353717064
"857_7",0.9827584900781476
"592_3",0.03938353488966509
"1276_9",0.9739965628205538
"5096_10",0.9902071500459017
"10725_1",0.1762447019005884
"8426_4",0.11901173116403874
"10244_2",0.04300023704617331
"4786_9",0.8867189868613766
"8358_7",0.053111009925559734
"5266_7",0.9654830527046668
"3581_10",0.9371539268507614
"12349_1",0.05259372069758254
"3429_4",0.06030156646205867
"9807_9",0.9516672800323421
"6631_2",0.040835921717728665
"4981_1",0.02728866308420053
"273_1",0.03779331444474321
"733_7",0.2117354600108824
"4982_3",0.04568719389628284
"2347_10",0.984603485115108
"6263_10",0.9342961453529846
"3699_9",0.9190409029642792
"2270_8",0.9895359604401295
"8095_10",0.987626589202345
"3347_8",0.984705361054654
"4161_4",0.20739511040007022
"3331_3",0.03630690920982137
"6845_3",0.034924965308629784
"9272_4",0.1143385479516976
"997_7",0.9894164561743621
"1798_10",0.9816531597722525
"4262_10",0.958798157014155
"4868_7",0.8219637850146349
"7487_1",0.07725601918674621
"8262_10",0.9814879243662021
"12397_1",0.03429734935845136
"4786_4",0.04582209185871609
"3240_9",0.9847645377130603
"10992_10",0.9766253184600194
"8209_1",0.039864959354278154
"6089_10",0.928352605124408
"9735_7",0.8697225051318417
"2554_4",0.04106162941630209
"8995_10",0.9812321910098915
"5732_4",0.7599301124836149
"1088_8",0.981355502249688
"12345_4",0.07751910734662684
"9364_4",0.1431424447775706
"12348_1",0.07059489521704598
"3311_2",0.039217738702602783
"6707_4",0.21305251769796146
"7048_7",0.9727781390021137
"9736_4",0.05491995400729677
"2975_10",0.9866298449120351
"982_4",0.043453124529476694
"3227_4",0.037660261207076204
"5185_1",0.03961994520096477
"2131_8",0.9620524614003543
"6941_8",0.14842902114713155
"11936_8",0.9576340439169423
"2383_8",0.11480738887967612
"3057_9",0.9533379697325555
"8058_1",0.0306405921705505
"4622_8",0.9557413627264347
"2208_10",0.1646124739335249
"12144_8",0.9870030603929594
"2737_10",0.9668671711432982
"3550_3",0.06648736867026857
"2789_8",0.9825491268367437
"11757_9",0.9935713843799813
"10676_4",0.10360030617286817
"2855_2",0.0344460531532036
"2740_3",0.03680662883789677
"8609_7",0.7687813318272988
"2147_4",0.22335954690085724
"8093_2",0.038469304238770013
"10335_1",0.0951528813147975
"1098_4",0.04421596229876571
"6255_10",0.1360624573966486
"7276_1",0.046419641600792316
"11301_10",0.9888231322503276
"1334_3",0.041148499571252564
"8983_9",0.9784347219743319
"1694_1",0.24229786585545915
"9658_1",0.033671295027044315
"8438_8",0.8964679827149125
"536_3",0.03595016723729003
"7074_10",0.9774776321804648
"1992_2",0.04675397646048535
"5040_8",0.9875769275009249
"753_2",0.10464901846094588
"7967_4",0.20938559567221743
"3763_2",0.7333579811680841
"3953_2",0.042334234165525945
"3351_4",0.7422480747897398
"1704_8",0.9683961451848826
"6817_10",0.9861980723453295
"11914_4",0.056123680078678614
"12071_10",0.9803002761013064
"6969_4",0.05008097954140024
"11992_1",0.03947546975885183
"11532_4",0.037692844955047516
"5253_9",0.9841550909425354
"5596_9",0.9838313402151652
"6560_1",0.03757610870892251
"8082_1",0.0358109843012149
"864_2",0.040412735272583065
"5929_8",0.12274714964738774
"10217_4",0.0395621383202758
"11277_4",0.055419082006319766
"10701_10",0.10141740274490302
"1245_8",0.9778830322543408
"10024_9",0.14459207463123014
"3344_1",0.23198783843666076
"12006_10",0.9805926442248057
"1031_1",0.035876569521223506
"665_10",0.9734775050317793
"10460_1",0.03627407362667558
"7038_9",0.7956963699072849
"7843_8",0.9404928716658528
"5095_9",0.9849100614003293
"11426_3",0.053949455866473525
"265_9",0.988179090164296
"7163_4",0.03932595228001498
"77_2",0.03511884686149252
"4709_10",0.9807074208181743
"11151_9",0.847081896339723
"2269_1",0.15849354599439586
"820_1",0.03965709383480129
"1451_7",0.8907751357180753
"281_1",0.09905839325116093
"6598_1",0.05353756758168373
"4341_1",0.22489041610642013
"9560_3",0.03964702603708175
"4698_1",0.05061593076114318
"7408_3",0.03731768488022127
"11729_4",0.04243074587640427
"11489_3",0.04208636837411476
"9711_1",0.03574974133664922
"9994_10",0.9877827259392875
"586_8",0.9875189437801215
"8047_10",0.9844614684936328
"4531_7",0.9402882139696301
"1293_1",0.034982175523551144
"7581_3",0.036862904292440886
"5129_4",0.8033899864264127
"1748_1",0.03855702778957302
"8155_1",0.03499784832242146
"8827_7",0.7876683747813562
"6616_8",0.9892484093740956
"1040_9",0.9863551319919174
"10942_1",0.21181290427297506
"5306_1",0.039241189041880384
"8168_1",0.03883880382994435
"291_9",0.9880773133490811
"383_9",0.9875760502643545
"11908_9",0.9015045247313247
"7898_10",0.6982279304568655
"4043_2",0.03421280966062379
"3376_8",0.05288175516080459
"3067_7",0.1131226852750166
"11496_8",0.9547962135645531
"9885_2",0.2904494739000584
"3554_10",0.9852422843316577
"2986_3",0.9010957769527139
"1332_7",0.11001952642098145
"5585_8",0.9800440617584271
"5981_3",0.03828958960661455
"1556_1",0.03521021199161566
"8523_10",0.9810647047931625
"11792_1",0.03456462576176463
"7610_10",0.9826500230413047
"12114_9",0.1800551921654575
"8589_1",0.03496815136305121
"3898_8",0.9905134854520508
"5101_10",0.9905790618473688
"9607_1",0.8627088265200186
"6673_8",0.9858495078622951
"7662_1",0.04556543505210528
"2241_1",0.06060942398432823
"6674_2",0.03893439631572446
"7797_1",0.20299540853512224
"6400_2",0.03804918476587717
"628_8",0.9056772894062337
"4898_4",0.9772044622076493
"11592_2",0.07429431797246432
"1311_2",0.03763639744275501
"5494_3",0.08071003354056593
"7067_10",0.945231392093528
"11267_10",0.9890581066065991
"6797_10",0.9482256130496398
"9987_1",0.03512152914670809
"9740_3",0.07680766541165912
"6743_1",0.0346032607420895
"5302_1",0.03990617043038698
"8464_8",0.9444175783660615
"7846_4",0.9168687420771323
"5990_1",0.034371048574935975
"10889_2",0.03769901110285828
"11406_8",0.22322038451034865
"9093_4",0.06935714171637586
"8501_1",0.03755426761565499
"8431_4",0.12257903923303351
"8076_1",0.03471044237752603
"6831_8",0.8712344170674537
"984_8",0.9835579133178453
"369_1",0.03985378403159226
"9668_10",0.9871134136966526
"2972_10",0.9900468274727593
"5611_1",0.037031515251894714
"659_1",0.03616863552410183
"6360_7",0.8682606074088866
"7628_7",0.05041196415616516
"5311_9",0.33778925166408735
"2005_10",0.9106868167575848
"5396_1",0.05569681998907423
"1308_3",0.03484668029278299
"4737_3",0.037846898853964375
"8042_1",0.04021656444544055
"11585_3",0.04538876908604641
"1182_2",0.03614887462681358
"2581_9",0.9892182318473242
"10496_1",0.03537117882152705
"3561_7",0.9871760156400152
"8272_1",0.03572990599100841
"6571_4",0.07694431079026051
"3125_7",0.9830672428122107
"9120_3",0.03481048664493851
"12220_1",0.0371863730466838
"5783_3",0.0561682831580133
"105_8",0.9408255054210874
"11885_9",0.9573526194252202
"11317_1",0.04204942435288929
"7999_7",0.9499292496161342
"5800_7",0.938553990221672
"2811_8",0.9525048126683635
"7381_9",0.8656075685636733
"9828_7",0.7917011113205127
"7849_4",0.7995845657501177
"8174_4",0.05697812185782239
"9320_1",0.036500876987008345
"5747_7",0.9854445675525599
"11097_3",0.03516899595090597
"6472_2",0.04164792673041496
"1200_10",0.9550379151437537
"10125_4",0.12112543009365691
"5422_10",0.974561917961267
"9889_9",0.9894924971785635
"7370_2",0.058642005100480565
"696_4",0.07375030663967207
"8609_4",0.041652599178345136
"11850_7",0.9435125334751058
"889_7",0.7431312318954033
"8695_2",0.03934173358804648
"4944_1",0.03792347296482611
"6899_8",0.9717104718388172
"3388_10",0.9851058128912349
"1051_1",0.04563533639036969
"431_2",0.03945302073725921
"2353_1",0.06806499924527853
"5131_3",0.03446065919074296
"482_9",0.9520660326865837
"1283_10",0.982554250914663
"10884_1",0.03505307440950381
"221_9",0.8090331738350702
"8688_3",0.03619463952556149
"9891_10",0.9909725317354032
"705_10",0.9907694651122102
"5604_1",0.03588133129473618
"4960_3",0.03786129798148468
"12439_1",0.038049908584332486
"8897_1",0.036024550626201884
"3549_8",0.9439782505392209
"7301_7",0.1534281205509217
"8183_3",0.14336341062642322
"7751_10",0.9804032564403645
"9084_9",0.9587911930351314
"3048_1",0.038481290901816664
"8443_1",0.03423129429667794
"3373_3",0.046637823436120746
"3867_4",0.8676714639420426
"604_3",0.03399584701422875
"2162_1",0.0363611620298986
"4367_9",0.9680288280797569
"10255_10",0.9860036138542282
"1909_9",0.12425504948282953
"1446_3",0.03402352346738806
"1247_1",0.03779082720290503
"2703_1",0.03480573932737621
"921_1",0.037000528194425245
"156_9",0.9825757255895025
"7516_4",0.2392009619306501
"6155_4",0.06858221729117463
"8991_3",0.0772197747454354
"3813_3",0.03647106868198766
"551_4",0.06600483165158652
"12326_1",0.03662415908952121
"5102_3",0.9821176319146627
"10901_3",0.03685941402706731
"1517_1",0.03616824077223942
"8762_10",0.8211083155786227
"1282_10",0.9738045925497422
"2531_9",0.9064280758324309
"7764_8",0.9865104734324013
"2906_8",0.9841305897553916
"6730_7",0.1317073550139677
"7749_9",0.9881211766189313
"7765_3",0.06550027301523925
"12412_7",0.9086945064326948
"582_4",0.044049564827701886
"5792_1",0.10962670038106762
"2174_7",0.9491891051750665
"7605_10",0.9885972132811235
"2721_1",0.19310806836828914
"2151_10",0.9835045924324319
"8152_1",0.03609697027793856
"6488_7",0.97307640669909
"9446_8",0.97973554688466
"10617_8",0.9861075508784004
"12455_2",0.7935889957980566
"7377_10",0.9526137807511337
"11891_2",0.08539750163231778
"4319_4",0.03913387075810029
"1050_9",0.34592632596956047
"9109_2",0.03512829989479449
"10500_1",0.036236168147821726
"11749_7",0.9785826011495775
"12250_2",0.042645730318495535
"1193_2",0.8473530929653188
"8313_8",0.9593067053287525
"8918_4",0.034844398662139765
"7122_10",0.9551885444796576
"6210_8",0.959526864259372
"10050_8",0.9839574336658871
"4921_10",0.991260216222076
"1857_7",0.9786325538190082
"9718_10",0.9893616639533627
"2482_1",0.03726591388559485
"2624_1",0.03879392105944832
"3284_2",0.038430054427794874
"11435_3",0.11957364271079422
"10971_7",0.9864424029739373
"2606_4",0.05060863229495932
"7540_9",0.9679648633636329
"10929_4",0.9613216836523567
"8566_8",0.12479176271217995
"4693_1",0.0373674543069438
"1281_2",0.8368636436180019
"267_1",0.03146333462703142
"2133_10",0.9542288261783651
"6762_8",0.8944276562364718
"1043_9",0.9893483757725647
"2812_4",0.03455513490939661
"6981_4",0.03466512983982853
"4038_9",0.9608915868124666
"4256_10",0.9852525206163184
"8206_1",0.038841866674340295
"2060_2",0.04126724498329575
"7372_1",0.03989936984486938
"732_3",0.03542801609991302
"5367_7",0.9794140732548959
"9765_10",0.9880763593902265
"8843_4",0.060191492111428685
"9723_10",0.9892876669361728
"11966_8",0.9531978405138041
"5087_8",0.9875460044991853
"9379_9",0.1536356786947294
"9615_2",0.03847733678894271
"991_7",0.9281741732134887
"4461_4",0.05403590839453469
"5857_1",0.05019633963788827
"2358_3",0.08261923616487066
"5247_10",0.2620794800016382
"12430_8",0.8469256684419719
"5943_4",0.0555985343129921
"11917_10",0.9784953676976224
"4144_4",0.0645502008033449
"3128_7",0.9789840510219309
"5152_10",0.8273064273000232
"8028_1",0.041627519960931225
"788_1",0.035781022150615516
"9552_2",0.7143667108532983
"12051_4",0.03870852020232113
"701_4",0.25101256502166075
"5738_7",0.1114022053401725
"5953_1",0.0370564429860372
"3694_10",0.9870008963310506
"12371_10",0.9896731075134474
"650_10",0.9877918600395943
"3772_8",0.9715880689937983
"3919_9",0.9822418678342365
"12420_10",0.9299135468726933
"6164_1",0.034159828167372834
"12202_10",0.9514780108387995
"4142_3",0.05927034113304924
"285_4",0.05899668116010765
"9190_4",0.039880205186556786
"9297_10",0.9843333989033247
"2857_1",0.03968867465655202
"5576_10",0.9681397569835397
"7603_1",0.025794508627755296
"1987_10",0.8828270443860201
"6978_1",0.03702459815504769
"2390_3",0.0512045210817446
"662_4",0.036012746076271605
"7957_1",0.2556235202685257
"3009_2",0.6204093995673736
"9574_1",0.034803100589636614
"703_2",0.052032298587324145
"11871_4",0.036845559685401666
"8056_2",0.03587669058983643
"11468_2",0.03613128436968657
"7549_10",0.9672855362460289
"4506_1",0.06416954664747221
"160_1",0.0513864271568733
"2400_1",0.22266655302947463
"146_8",0.7647792407815838
"1174_7",0.9730632607624627
"1623_2",0.03835040020931629
"2909_1",0.03653497300574352
"9284_3",0.04295071506183549
"753_7",0.8302045150802934
"456_1",0.06688213871966313
"329_1",0.04001149054314512
"1996_10",0.9515573161178494
"7468_10",0.9847786798525542
"11219_3",0.8648732717465948
"5749_8",0.9155454341865007
"1563_2",0.039292794900764726
"9713_8",0.8570332826206102
"12467_2",0.0696947564597024
"5686_2",0.03836838262578374
"6424_2",0.05390287974686045
"11137_10",0.9884723137857877
"5613_7",0.9875851292297885
"2113_2",0.04575691695365555
"8623_8",0.9846726716895474
"2086_10",0.9816023102521454
"6846_8",0.9724031718448465
"3230_2",0.04040217759778061
"4973_4",0.06463846312211699
"2935_2",0.03769368685461371
"12176_1",0.0347565860157878
"6272_9",0.10202575293677524
"728_10",0.9696609465846306
"9843_2",0.038408799494551255
"4897_2",0.11942249037630513
"12121_3",0.05080892040070572
"11934_4",0.1667276509188731
"1453_2",0.039311628610524306
"9676_9",0.9907578479597728
"3072_10",0.981342135291757
"6667_2",0.2462553608524113
"8932_9",0.9780050086829148
"9452_10",0.22458430126100792
"953_2",0.06669860003843872
"3268_3",0.07156270200062494
"6276_1",0.03694383457313172
"2522_3",0.04220146719895512
"2630_10",0.9863152704188015
"2031_10",0.9725727525612838
"3754_10",0.8292208069582738
"10791_1",0.04010999932184023
"7755_3",0.039993751809714415
"11180_10",0.9562574178818609
"8020_9",0.9281076447980778
"3767_4",0.9520423216526315
"3519_10",0.9812461584353505
"8180_9",0.9793259150209951
"11639_4",0.19904573631615236
"7540_2",0.07774317845170634
"4746_1",0.03547482070889993
"4027_1",0.027440344929527568
"952_1",0.1720833342722647
"4070_1",0.9545281227059813
"8346_1",0.9397870312622261
"1499_9",0.9785025343227899
"1601_4",0.03919400396157769
"1698_1",0.044464624604224096
"3055_3",0.06964593973909718
"7744_1",0.034686153249571576
"3183_8",0.9814455684144109
"9482_1",0.04419830012435656
"3712_4",0.0350001631116198
"9260_4",0.9400757004208904
"10042_1",0.042496248069912944
"3873_3",0.044507948156737975
"11273_10",0.8162925067870077
"2918_1",0.9693225581250295
"1292_3",0.039048843883507954
"1837_2",0.04824620821087107
"4650_4",0.038449726434346916
"8686_4",0.04097846342744773
"11307_8",0.8516502728655034
"10044_2",0.03864392135233539
"12035_1",0.03716040301450135
"2259_9",0.9880990652633538
"6582_1",0.8991634389311443
"10194_1",0.03729721001389806
"7932_10",0.928085630112661
"8064_8",0.9815923903080568
"5017_4",0.8976103328267784
"6456_9",0.9886333518881947
"10768_8",0.9788975870426031
"9479_10",0.9834070922582969
"9734_4",0.09771217342754361
"2245_1",0.061613322259877555
"7275_3",0.11066514755066496
"1193_10",0.9848878341547683
"3883_4",0.043615467483820225
"5456_3",0.17592992904278448
"10014_2",0.09191457952326186
"8045_9",0.9892182684164539
"9093_7",0.9547032279010056
"9971_1",0.05153513490783993
"1052_3",0.09686832263371419
"10952_1",0.03834014863034666
"3449_7",0.14419481734276532
"2488_1",0.9178357140807629
"8422_3",0.26577489968888185
"1541_10",0.9621823265956864
"11863_1",0.04057819183727461
"10102_2",0.0568976299534321
"3838_9",0.9038830556958338
"8538_3",0.04392952568068356
"12432_1",0.034286193155362056
"6339_10",0.9637582607638786
"1860_10",0.9856858053938797
"11402_1",0.05262410105757622
"10770_2",0.04204812627140922
"8046_8",0.9739573769298464
"2748_3",0.05612715627418164
"361_9",0.9813043062355148
"8427_10",0.8384966188310488
"11792_10",0.9496511641605938
"10331_9",0.9505304155303392
"3506_1",0.034316540828743816
"7374_7",0.9890752438860123
"5658_9",0.07731402878456611
"7170_2",0.03949373382400971
"6144_1",0.04186683693011797
"5035_7",0.9874140350985083
"4566_3",0.03748633605081639
"9544_1",0.03508902917629987
"1959_9",0.8985163887949272
"2390_9",0.9786163616186299
"4960_9",0.9896094181202685
"3425_2",0.03759721787126394
"4000_10",0.9896165698259785
"12418_3",0.03994237275413576
"9771_10",0.9894558840714032
"621_7",0.9622664173032718
"3510_1",0.04279423383736106
"6893_7",0.03904835173135043
"3680_9",0.9894140888478109
"3118_9",0.9725648453635016
"5433_7",0.8906979843874088
"8381_9",0.9767231790781907
"10205_10",0.9830711456601524
"1437_1",0.04019966903225834
"5675_2",0.8308721433616693
"1597_7",0.9006277820098404
"1549_1",0.12300693377155922
"11391_10",0.9746180785458444
"12101_8",0.9496161763321005
"9356_8",0.9839656311003355
"10128_1",0.04859699045615045
"11249_4",0.04853436962874222
"12441_2",0.03422272309839567
"7486_2",0.03727695527229354
"4905_9",0.9818653642898356
"5441_1",0.0746380806534367
"2613_10",0.9565849085810982
"10351_3",0.03418660775750803
"10459_10",0.9841860895598474
"2565_8",0.9846575693516302
"1338_1",0.037798938938390474
"823_7",0.8314324899970906
"8924_7",0.9872006854522035
"1382_10",0.18795545744402603
"4150_7",0.8861752318365235
"6004_8",0.9475591409830747
"2508_10",0.9893284274141627
"10935_8",0.9812754546971636
"692_7",0.9623678607451657
"7778_10",0.9882498007014412
"2016_10",0.9867446514823515
"1042_3",0.04060332981702193
"7823_1",0.03598296516682763
"149_1",0.03749053040413651
"5551_3",0.04780081721531942
"366_8",0.9841945779689107
"3483_10",0.9899189328114659
"278_1",0.0364318735512371
"9951_4",0.03793631424326142
"2731_10",0.9905524824042468
"4403_10",0.9872295215946811
"5307_1",0.03444551597849364
"8185_9",0.9870084805135566
"11059_8",0.9798969057249192
"10273_10",0.9625012908425223
"5336_4",0.05354709224424511
"5147_7",0.19651924929305672
"1525_1",0.03572448124072342
"8507_7",0.8753074678917658
"8501_10",0.9845497051722578
"2424_2",0.7856521864253458
"8959_9",0.9836359078676967
"11318_8",0.957204247709744
"1270_8",0.9816213209671065
"1655_1",0.03626577066854632
"10161_1",0.03802109934546883
"8531_10",0.1983823342337988
"9144_4",0.10694204595781426
"1201_2",0.05364232526725202
"11822_10",0.9898889411203065
"11486_3",0.03805618488524837
"8038_10",0.989396678631864
"1981_2",0.04377661625953813
"11901_10",0.9876360373438211
"5441_9",0.9876106552023458
"11709_9",0.9727457164582588
"9333_8",0.9893336967166442
"7881_3",0.2816895595416066
"2815_9",0.9019858302997151
"3251_3",0.03771799174241887
"1792_3",0.03432213353395968
"8625_2",0.07429599213282764
"4221_3",0.1502394593879924
"2742_10",0.981943595234628
"11118_4",0.09812640268692091
"11613_3",0.03904928316820579
"6104_1",0.06481703883468483
"3046_1",0.0352122766513064
"8729_4",0.24727672343855808
"1827_10",0.9712587987318192
"762_7",0.8529048939465954
"8855_2",0.04051953233564543
"7573_3",0.060315180887478954
"8616_4",0.03689400720737931
"4830_7",0.956000539195485
"6646_1",0.0724970456116339
"8746_4",0.16676819643667762
"1875_7",0.8962458437924092
"1221_10",0.989400154182963
"11842_2",0.03474994826142699
"3002_1",0.06651931825873163
"5776_1",0.041492601341067505
"5479_10",0.9848792504494397
"6034_4",0.04115498573848547
"10984_1",0.05385793845921551
"12043_2",0.0360150649412319
"4961_8",0.9766921513358382
"9601_10",0.8453066599143652
"2216_4",0.05435801344116299
"1189_10",0.9889863817023572
"8461_4",0.049444516134716406
"2575_10",0.9849251557618733
"3782_1",0.034778081051989755
"8927_8",0.9870923205794081
"7006_4",0.03744735614813533
"6103_7",0.9803516000876884
"3218_10",0.9919357132975224
"797_10",0.35601834958909806
"76_4",0.13155324205391622
"9497_7",0.9550013576885394
"9637_1",0.06720565816019065
"1070_10",0.9890668985603959
"9732_10",0.08016512332099887
"8144_3",0.038948555167152066
"6247_10",0.23232517551943146
"10230_7",0.9724073636444045
"10731_3",0.054630569541740795
"740_8",0.8936681328115759
"2145_8",0.9653058910728148
"834_8",0.981241598266641
"6621_10",0.9573681368624891
"1749_4",0.20803321572210565
"5730_10",0.9308608794807244
"11167_4",0.04207690226214419
"1106_9",0.96169615524728
"8152_10",0.9679030868628733
"11968_8",0.8479897539762169
"7728_9",0.966453515727264
"237_1",0.03643980130673125
"10754_1",0.06171466719897516
"1055_10",0.9857598879454099
"65_7",0.9221035843528209
"4092_3",0.04343231238785567
"3337_7",0.9762394542052879
"3163_8",0.12261370933678178
"7645_1",0.03434767894431285
"10883_1",0.03515770235201157
"4597_7",0.925219572753507
"11850_1",0.044950495468967795
"1025_10",0.9878727340507907
"11908_2",0.07641586386713846
"7838_4",0.07005153767076296
"7725_7",0.9189979258319018
"8146_9",0.9867055475610367
"3741_8",0.9820217090928813
"323_2",0.07164298785837483
"8244_3",0.03569958861700445
"4593_1",0.03718747358163299
"6902_1",0.039725573781282685
"1791_1",0.03980117417003146
"11490_10",0.9686024578508522
"4200_1",0.0407524136106924
"1611_2",0.13972449085884564
"3215_10",0.9853197269181194
"5864_10",0.03993649046854042
"3776_1",0.06420205333884837
"6356_9",0.9880406456512931
"9139_10",0.9919951981316582
"5115_10",0.9895886328143524
"3064_10",0.9901428011834701
"149_9",0.9897421321806057
"2873_3",0.11955870749859397
"3790_1",0.03587366859932022
"3136_9",0.9514164635377317
"1696_3",0.36082225009220337
"4961_2",0.8940368702691619
"11918_10",0.987594134525685
"3663_10",0.9912704301521541
"8115_3",0.18572477188383962
"3690_8",0.6724018831554036
"11431_1",0.038656585747656576
"3830_10",0.9836726097535866
"11896_10",0.9183757709271789
"8753_10",0.9648293339619939
"10121_1",0.0661860017896662
"1142_7",0.9747855396413291
"7188_7",0.9587372272148886
"7044_1",0.03784885562626946
"11750_4",0.03618001066539385
"7688_10",0.9849383974310202
"12292_10",0.9732704319706917
"5533_1",0.10479840804676431
"4147_4",0.03977289763087004
"8515_2",0.036154259784031945
"10756_3",0.03863842174933758
"11899_10",0.9849462021997221
"11867_2",0.061067629645814546
"7814_8",0.9817600097011572
"1855_10",0.990340589328736
"10357_2",0.04095526059377231
"5218_1",0.056448882683918906
"6641_9",0.9655459378154494
"5777_10",0.9812635871766875
"11982_1",0.03959723098902973
"10980_10",0.9807138990511717
"8585_8",0.9751685505938947
"941_2",0.055634964021884906
"1697_7",0.9274675093551841
"9872_8",0.970700204532908
"2377_4",0.03658288859759502
"2033_8",0.9767188867623344
"5864_1",0.1546078822029169
"4295_7",0.9888832101718809
"2610_1",0.0357346061927419
"1730_10",0.9291916501893858
"11095_8",0.970091124658673
"1699_8",0.1804728246231137
"344_9",0.9843504927764803
"7136_3",0.03459784678080551
"2402_10",0.9330079684999357
"472_10",0.9070238196406726
"170_7",0.8590856636904926
"7019_1",0.08341949261935282
"11798_10",0.9909837329490427
"7549_2",0.05537411284043103
"8414_10",0.9539668946950675
"573_3",0.15265824045918258
"6678_1",0.037786853500811554
"10002_3",0.12086962888421565
"3905_3",0.19301104324489515
"1849_4",0.03749982953275966
"7959_2",0.044632306156729334
"597_4",0.06658583784200267
"2719_8",0.9763373233661655
"10519_1",0.03703439535145449
"6112_1",0.034629668681781293
"1322_9",0.9834232154054412
"12415_8",0.9709216126878554
"6727_1",0.03844484176970107
"12393_1",0.04456134190638902
"8545_9",0.19313083829938368
"528_7",0.9876907217370633
"12267_8",0.9851337159481666
"5842_10",0.9681592495783333
"8471_2",0.04811619147491837
"3912_9",0.84022311558953
"4831_8",0.9789519861055667
"5767_3",0.03707668508044
"10631_9",0.9521323778464125
"8069_8",0.9880136760074159
"190_9",0.931352246544338
"12343_7",0.922221220563471
"645_1",0.037049878490246775
"10326_1",0.045605374309362914
"11271_9",0.8065329053608136
"11808_8",0.9841351121692816
"3200_2",0.03712628298754823
"4518_2",0.03705024375635246
"8307_2",0.10989744262230769
"2057_10",0.9638667724161772
"3705_1",0.039551881428808715
"11581_7",0.9715682034470599
"11777_9",0.9224037897025734
"1367_3",0.15265959108821833
"12248_9",0.9918631978368564
"2994_8",0.9886617099260876
"5170_1",0.04256497906368813
"8781_7",0.9105295307322309
"9137_1",0.046819824922769156
"9970_4",0.060068452986419774
"3412_7",0.7969211994051598
"9399_1",0.035196269082979244
"7917_8",0.06439787407718678
"1157_1",0.040679196849507306
"12489_10",0.9461144854267857
"5365_8",0.884125282519482
"9295_10",0.08655458048913361
"11505_1",0.034092906140232145
"8647_4",0.07047524343387683
"6609_2",0.039237267159509565
"6859_1",0.13572258333682125
"2436_10",0.9110150612257428
"4255_4",0.8319090334719552
"12347_1",0.06194545200820617
"4237_4",0.034475596844922865
"11687_10",0.8876306714413218
"2964_7",0.2918148877477667
"2836_4",0.03847765972437608
"1944_4",0.04949946448989784
"3218_1",0.044072594070580284
"2752_10",0.988262917576939
"9994_3",0.03664516414766634
"11566_8",0.9894092188676499
"5741_10",0.9791454235486866
"7127_10",0.9001269566281586
"11864_2",0.03590830512404489
"5159_9",0.9526715909418451
"658_3",0.839809008163352
"10177_3",0.03631069724923667
"4843_1",0.03545907549152473
"1441_1",0.4037799056336274
"2741_2",0.03433389364883874
"6045_3",0.07691487347406128
"7020_8",0.9912236304400915
"2120_1",0.03468789162288461
"2336_1",0.038207971297782334
"10167_9",0.9806344338230354
"10251_3",0.05378168248252862
"9335_4",0.06380096404244906
"6670_3",0.10232661281679846
"9937_7",0.08381954422543939
"3258_7",0.8797277861714768
"3234_7",0.9877141079062419
"3601_1",0.034692150044112934
"5635_9",0.09286654199288708
"11427_7",0.9799219937420142
"3349_4",0.07150101878859887
"1334_10",0.9506810918041458
"10474_10",0.9486133741684045
"2361_10",0.9894130205207824
"1471_2",0.037493449002352235
"10705_10",0.9651616524876163
"10559_7",0.9339653986069583
"3070_10",0.9809148399096648
"10087_1",0.04215979084196388
"1952_7",0.10407115257679754
"682_9",0.22345523234086448
"6576_10",0.9866247259051902
"956_3",0.03877014137799609
"3960_1",0.059831963892725874
"62_2",0.03551689670950908
"3200_8",0.9894827845107373
"2127_1",0.03874801275758908
"6878_9",0.989904908031763
"1600_10",0.9769585904966822
"11995_7",0.950651208655555
"5239_2",0.05104940270032136
"6018_7",0.16452998444292763
"9185_1",0.04362035689769155
"4707_7",0.8479098735350531
"12407_10",0.990189716045624
"5831_10",0.9832930116943965
"2264_7",0.9793878050175566
"7226_8",0.9873537351215533
"6337_7",0.8352020685892596
"5047_3",0.23548772765025824
"228_10",0.8625671969903204
"4230_1",0.03802750882369113
"4058_8",0.9945648434736407
"5634_4",0.03817926462415228
"11680_1",0.05490096586916972
"1320_9",0.9836049865060609
"12461_8",0.9745796695303033
"10076_10",0.9887320976629326
"9170_8",0.9872727169265504
"4519_10",0.9710246033304171
"5906_2",0.056921405163951215
"2065_8",0.7882416598600612
"8453_10",0.9874278663097825
"262_1",0.0365706258810725
"454_10",0.9848203581926697
"11532_8",0.9863091428809605
"8169_2",0.11267236342106166
"6873_8",0.9762133586164435
"10061_4",0.05937175340481546
"11565_4",0.03914647662864152
"258_1",0.0792811593075192
"5896_1",0.034892795514140304
"4395_1",0.03504491911890104
"3774_1",0.036451275208021584
"12340_8",0.9156850352864113
"7497_8",0.9838951812468495
"4321_2",0.04211106607990582
"6258_2",0.034591953189521844
"3950_1",0.034652241031493745
"9998_8",0.9908623362667367
"3524_8",0.9463942740071335
"2003_10",0.9686450798336068
"10366_3",0.044254474132506355
"2602_10",0.9402807622705351
"8684_8",0.9825633189738989
"12268_9",0.979026762253685
"4846_8",0.9628822913547164
"5969_1",0.04341619552240159
"173_4",0.03924382951424133
"2790_10",0.9818220801618449
"2637_1",0.03797228237963133
"10239_1",0.037825299794396444
"5120_9",0.9825229680573556
"3802_10",0.9044621956239332
"6897_7",0.17396491950708726
"8478_9",0.9930634771320066
"2441_4",0.12204003390155617
"4827_1",0.03918726092437582
"4326_1",0.036758760886837355
"252_3",0.03412100476317476
"7201_8",0.8161957988818704
"801_2",0.040728057073670665
"10008_4",0.17328213322273825
"6740_10",0.8909866387270037
"674_3",0.07401015724564834
"6341_9",0.9792095294100431
"1882_7",0.988636287271147
"10843_10",0.986961807840158
"1593_4",0.937282204162162
"3592_1",0.8046767917316485
"4658_4",0.05892320602538405
"2564_2",0.036004905015401496
"7229_9",0.9703870859524748
"4186_1",0.042117492466097556
"10227_3",0.04354190778294281
"4580_3",0.04127910096388612
"10367_3",0.10760866149523149
"10034_9",0.897948996445176
"6834_10",0.9910408323077922
"11326_9",0.9843978658254181
"4683_1",0.09743586383785202
"5596_1",0.04056541515484472
"4238_3",0.034151536011599745
"11881_10",0.7662995503654185
"11910_2",0.16384718547143848
"934_1",0.034435694526982086
"3660_8",0.9878344895102531
"365_1",0.043936768404377546
"3677_9",0.950529418144602
"6522_10",0.87899451354073
"3167_10",0.9338576234446727
"6104_10",0.9614185309006632
"2584_2",0.05880907572418019
"4264_8",0.9789665894531645
"5648_9",0.948007938345774
"1863_9",0.9864828857524002
"7464_10",0.9653393335767055
"7643_8",0.9874060687556785
"7030_10",0.9889202506018281
"2768_2",0.03330099034055166
"3845_1",0.03624680401437725
"11590_10",0.9886709505989789
"8578_3",0.04767745433341416
"8733_9",0.900903388120835
"4099_1",0.1413913121009486
"5810_1",0.04016798734978363
"442_3",0.053677901681737826
"1374_9",0.9523646568086126
"7704_10",0.07478778201689278
"4526_1",0.03620505844636619
"2978_8",0.9517906165675618
"3096_1",0.03480532284162841
"1589_9",0.9649816990188254
"11197_7",0.9833637800491382
"6751_8",0.9898454221368715
"10043_10",0.9899329991952678
"4045_2",0.02731513720836481
"7706_8",0.9476759550390305
"1876_10",0.8274665687600316
"4224_9",0.9898499562870728
"10833_1",0.038998489515558565
"11549_10",0.8910498383205784
"7081_8",0.9862412575079512
"6410_8",0.9843940567389151
"10609_9",0.967987036526738
"9910_1",0.04737532344501626
"4474_7",0.9635440723507557
"9775_9",0.9419224986625083
"9245_10",0.9791747726235365
"11514_8",0.976568744873013
"3182_4",0.1790623822516412
"3127_3",0.061348813393014213
"7311_1",0.044638601353828765
"4266_10",0.9742082931303562
"12410_10",0.9223832456595369
"7548_1",0.04571610724208295
"10446_2",0.04960400050974628
"4854_2",0.038882458504281445
"1152_8",0.9789650608987123
"11660_4",0.04423353139373411
"3452_2",0.03618091322298707
"2401_7",0.9353968394487044
"11703_7",0.9884565142138977
"4053_2",0.03995936478403428
"4882_9",0.8949443655146958
"8050_7",0.08836195742325537
"9053_4",0.11756283555325281
"12313_10",0.9871124774677463
"12085_1",0.04695393691042594
"2130_2",0.03587690545644954
"8499_10",0.9536489749076775
"9230_3",0.7353548027820684
"2697_10",0.9911940808045046
"7682_3",0.046553678682503485
"1473_7",0.8994399011007258
"3124_4",0.039378415915777065
"10694_10",0.9884384954104513
"11541_9",0.9883880012188213
"7033_10",0.9834149314644295
"305_10",0.9845210341780735
"12164_8",0.9811206312059164
"7594_2",0.03885644823749823
"2101_3",0.03895397009176774
"9579_2",0.041894536042973135
"1482_4",0.9491167548965105
"4362_1",0.03781961430413333
"1263_9",0.8998515880139287
"2543_9",0.9835451876444522
"8642_1",0.044132315350830384
"229_1",0.040879573971770035
"12045_10",0.9870406268185741
"810_9",0.9903999714524265
"5188_7",0.8967861557891876
"2690_1",0.04041280721250141
"922_3",0.03529358078064396
"10957_10",0.9072413319794723
"9275_3",0.03564266626009429
"7289_10",0.9898367296759798
"1809_2",0.03878594858955036
"11846_1",0.1812509030492816
"5888_10",0.9902336480414136
"1506_7",0.9180556177319122
"6255_1",0.03451540443879781
"4995_7",0.9832742146982006
"2423_1",0.03747165328629447
"4030_8",0.9511567998756425
"4839_7",0.9676323184274347
"364_1",0.0343471435847556
"3510_9",0.9807816382224112
"2092_10",0.9510443944169154
"600_1",0.03551210868731581
"5490_9",0.9906352343070916
"9442_8",0.8929438683344653
"5330_8",0.9591205968992805
"10858_10",0.9847113068779421
"2746_8",0.9453471400732546
"848_9",0.9786642446887984
"6713_1",0.8145861111036945
"8274_10",0.9858845321906277
"2507_1",0.05762887335056975
"4558_1",0.03548950793993679
"957_2",0.034483605899320015
"11667_8",0.9527222391327976
"2374_2",0.04410883799818316
"8156_1",0.04178519960802853
"1080_8",0.9673185437418818
"11274_8",0.21978883593233764
"12467_10",0.9812400300375612
"5941_1",0.2587819969724379
"6205_1",0.03700838108544778
"4517_9",0.9901511382680602
"102_4",0.0821842469842721
"6022_8",0.9691422128253706
"10054_3",0.13054168245586706
"3907_3",0.03472190940832316
"5232_8",0.9069011447533808
"10064_2",0.08082098967382087
"6529_1",0.03760920897281993
"11003_1",0.028643774309536935
"9151_7",0.9360315100618029
"6612_8",0.9649059930435061
"12189_10",0.9137285492877993
"6510_2",0.038207194066581254
"3129_7",0.24936194672913403
"7864_2",0.04031239680280957
"11603_3",0.08826192448032667
"10741_9",0.9897645314252176
"2235_7",0.223103011754592
"2125_2",0.8144897107709861
"2050_10",0.9869828531414494
"8397_1",0.03607475189307231
"5275_1",0.1253239127028692
"7755_10",0.9837343086422388
"12065_4",0.042443959090210134
"269_8",0.9845763636823621
"1933_2",0.07634032357210244
"9182_3",0.9058343282273853
"3153_10",0.9809176569921045
"3922_7",0.94665927595263
"2674_3",0.05669472994721034
"7407_4",0.035837982746547134
"737_7",0.9565919228695552
"5223_1",0.03774589809279875
"10937_1",0.03630857273393502
"9026_4",0.040905265070312585
"1564_8",0.9796265912136006
"1724_10",0.9881892421504811
"1224_3",0.07814054527918571
"8536_4",0.03482236245028354
"11215_8",0.8929013425113647
"3063_10",0.9887872457028186
"9559_9",0.8647558606508586
"5165_2",0.09211810085267874
"9396_1",0.039632523322709876
"6404_1",0.034320999871441535
"6019_1",0.9745238945925738
"7249_8",0.9578064382152345
"1765_1",0.03660141956617423
"7685_4",0.835546103583727
"8196_10",0.9873469781846363
"11749_1",0.038068535951874156
"1257_10",0.7116448248618638
"3488_8",0.9854791577894049
"8605_8",0.9041931753826999
"6697_4",0.03993136774706126
"11540_1",0.034019469151226785
"6262_4",0.04049761400696646
"1998_8",0.2648563804146899
"3019_1",0.08047997765628612
"1087_2",0.03764283878654225
"8356_8",0.8272816840885898
"10036_10",0.9781285894629301
"10547_10",0.9738411672996838
"2562_1",0.07227071520632868
"5096_3",0.06484101301217872
"12128_1",0.1260052041220077
"2574_10",0.9701989813745167
"10144_8",0.9900450266373674
"3678_1",0.03446952476528743
"2579_2",0.03967576307054599
"6695_7",0.8667922315167202
"1465_7",0.9799605088481698
"11846_9",0.9212387636826656
"1219_9",0.9910514919137648
"4936_9",0.9948144874607363
"12382_4",0.07497371208684016
"8807_1",0.040423969778660813
"7700_1",0.8512582073691545
"4209_8",0.9851757824780503
"10178_10",0.8785058421860663
"9835_8",0.9156411764159373
"161_3",0.04685631416232343
"670_3",0.0925072802151232
"7158_10",0.9764348896828287
"9502_4",0.05936058459569772
"9880_1",0.08313622315818406
"39_3",0.051603468331463974
"11161_9",0.9732133767095785
"12026_9",0.988555827321126
"4439_3",0.03685606680846418
"8303_10",0.8936089078891596
"408_7",0.9701409135344591
"1065_9",0.9776509066161991
"5188_2",0.03674144456917048
"929_10",0.9757854243588255
"4765_7",0.9414525222406165
"2117_4",0.20590937536708132
"6653_4",0.03829087358207408
"2342_1",0.04030927145982531
"8445_1",0.03501831465547598
"1708_1",0.03941831327420679
"7995_10",0.9577501146799818
"1104_4",0.03713938542388135
"3847_1",0.039003920669497885
"7276_10",0.9911710040701295
"11269_7",0.08391548536176596
"3158_1",0.8389305760676669
"11061_1",0.03568000734554294
"851_7",0.20199394385933367
"8214_2",0.11298536559337849
"9174_1",0.04466960246600023
"7040_3",0.13952464521776553
"4082_4",0.08019308180629098
"3553_8",0.9701596918825126
"6733_10",0.9843555780713109
"4910_3",0.1598531687406867
"10149_1",0.03557993328264599
"5609_4",0.06496300181476783
"4174_3",0.04010090753417668
"9213_1",0.1537940471969672
"2881_9",0.7922692389024089
"1408_3",0.8526584526969061
"10832_1",0.05363350914944334
"7216_3",0.0372268070500457
"9905_10",0.9911491558889872
"9050_3",0.041564110253521046
"3789_4",0.04729053629813667
"6490_8",0.9683227786372111
"7649_7",0.9269171090589636
"6901_8",0.9769440643586325
"11597_9",0.9892956700778253
"3259_1",0.0375584591915091
"5936_3",0.0489223034236678
"1214_2",0.2695631331797123
"2840_1",0.03810683817401176
"1956_10",0.9644151335177387
"2392_2",0.05199863328280311
"239_9",0.9612539236397531
"6860_8",0.9102026324283685
"1716_9",0.8993535092082332
"9595_10",0.8539734772898497
"1630_1",0.04178457055820685
"11293_3",0.06826599248638673
"8288_10",0.9867873988348328
"6618_7",0.9430735923355923
"12378_1",0.039195538330752844
"11560_1",0.03722431852704258
"12124_8",0.9900493278590179
"486_10",0.9630111282790208
"6654_3",0.04748067717903447
"6915_10",0.946490949207785
"8773_1",0.17777502829940303
"10211_4",0.04660212693208558
"5769_9",0.9865678073321291
"10038_4",0.03484677312291101
"3737_9",0.9795546266812214
"11512_1",0.27516659649392394
"8025_7",0.16299598523638076
"397_7",0.8182019667349768
"10670_9",0.9175754897432007
"11648_4",0.04741438022514151
"10361_1",0.035153894102089675
"12439_8",0.9690441002655708
"9958_8",0.9468866837512195
"8659_1",0.04300680890788258
"12400_1",0.03811559206867762
"10680_7",0.9278505107645394
"2435_10",0.8453750287560085
"5506_4",0.041470518513965195
"9025_3",0.18546876820157826
"5749_4",0.16610162059299113
"5090_1",0.035230908526830376
"2688_9",0.9117757257674657
"8397_10",0.9829302384474231
"8610_8",0.08275382540845434
"9398_10",0.9548138508461229
"5144_10",0.9382983565969183
"10797_10",0.9759643264066874
"9623_2",0.09252103482541296
"3269_8",0.9739428331141422
"5480_7",0.7663400042548271
"43_1",0.036726812097279356
"4156_1",0.05184675095843619
"1629_1",0.039005546970599866
"6536_10",0.986613761273315
"8384_1",0.059906039596093266
"2820_10",0.9824264899296482
"7976_3",0.0475290363798013
"3745_10",0.2240429246875262
"11258_8",0.890686207899274
"7908_7",0.8958246837857814
"9166_7",0.9726548781981561
"8976_8",0.9769367533633938
"3692_1",0.03580404410062676
"4937_4",0.11959811241927946
"11935_9",0.9879119603583135
"7722_7",0.9798793386142337
"8757_4",0.03839585642575042
"1218_10",0.9699862518175039
"3620_8",0.17909245660846745
"9017_4",0.03756843938202138
"8300_3",0.03848123230365024
"11325_4",0.06146376894222387
"1093_8",0.9873318152276225
"166_4",0.11439549979701621
"6088_10",0.9689141589122037
"2149_10",0.9904324938396453
"4884_9",0.9065026018808272
"9786_1",0.04606323933801128
"4258_3",0.052903622622948517
"9890_1",0.08456609391311859
"8911_1",0.04624916951561623
"11618_3",0.05703423089903707
"4510_1",0.03912493188762294
"3173_4",0.06718262082699093
"10418_1",0.03530125066749159
"8954_1",0.037055345428888095
"723_2",0.03586578208246524
"1164_1",0.03222539422355392
"11404_4",0.05138205930350888
"5737_3",0.0351056466666628
"10073_3",0.0835219435551915
"1900_8",0.19597462534064242
"9532_10",0.9816855958330528
"839_4",0.16708271964542304
"4562_1",0.07700146933827137
"3963_3",0.044356421031830635
"5220_10",0.08239081614250753
"663_9",0.21630414001188347
"10156_8",0.9566163372986018
"3759_7",0.9404669413710038
"5153_4",0.8453127133804176
"7580_3",0.17031804691901722
"12403_10",0.988712112343959
"4893_8",0.9820500594807943
"892_8",0.9621008200358323
"79_2",0.04274386591621933
"10716_8",0.9900080780239042
"11452_7",0.8632498158573035
"1214_7",0.8821032119637514
"8901_10",0.9755155550542759
"12221_10",0.8960440041834985
"2055_9",0.9194959157746727
"5911_3",0.05636275771267856
"10866_3",0.03491619022243978
"10063_1",0.03705553920761995
"10563_9",0.16260010146724607
"11931_8",0.9743163855014275
"1180_1",0.03546257267582963
"8194_1",0.04132644332231474
"7837_4",0.9325122291166376
"1876_1",0.07828714910821796
"9203_1",0.03729859773931602
"10091_1",0.037451786289928436
"2434_9",0.9807869979359009
"7908_1",0.03950187041180509
"8591_4",0.9562072455122685
"4222_7",0.16626913788082
"11430_4",0.8316380831839078
"757_1",0.035509289294100646
"6442_8",0.23051668474777426
"10056_8",0.9838369412687783
"3179_2",0.09566947573744278
"3130_3",0.06661683963165481
"11921_7",0.9911935687314164
"4139_9",0.9760561300087508
"195_10",0.9714513712872791
"6286_1",0.14711622833541
"5701_2",0.03739893604982734
"7470_8",0.8681379478635317
"9205_9",0.9203769867271655
"10683_8",0.8097933056580269
"672_4",0.8997779003221478
"604_10",0.9912198091952663
"7757_10",0.9853923813585143
"5228_4",0.7710714677335749
"3998_10",0.155612115409404
"7444_4",0.7785133162406961
"9684_10",0.9899328176332751
"8455_7",0.9243133789988297
"3989_8",0.9873397195856931
"1115_3",0.03642680585380856
"6469_4",0.047513552241423514
"4524_8",0.08534732062067853
"3103_7",0.8533601630033177
"3108_8",0.9506822685793843
"2219_10",0.9807137805515804
"10269_8",0.9728983917983189
"838_4",0.038848029445120585
"5367_1",0.03429961346204033
"9110_10",0.9307526277178851
"5736_1",0.03857567697751453
"5100_4",0.04965379823689495
"3399_4",0.043481328136971156
"7575_9",0.982223752435473
"7954_9",0.9704296734366495
"870_7",0.9800290410970034
"3811_9",0.9588811655371701
"8011_9",0.9803710615850441
"8172_10",0.9708109259811806
"3209_4",0.04432476862986708
"7380_10",0.9561150289978755
"10210_3",0.09683184878557383
"8162_9",0.9890061963397337
"10784_9",0.9810177824514608
"482_1",0.03493854011404491
"1452_9",0.9870170162817731
"2686_4",0.16494970578278093
"543_8",0.9805947675637217
"495_2",0.03851184919299222
"2887_9",0.1860633260366526
"11780_1",0.10147028655755602
"9742_2",0.03628225279710029
"1762_1",0.038581729322369154
"5264_9",0.9672945062484745
"7958_4",0.12228674629829557
"6010_10",0.9884049538080953
"1284_9",0.9167059218940259
"10420_3",0.03753142793511521
"7736_7",0.9491391793050858
"1178_10",0.9879437107702047
"529_10",0.9894914893696974
"4063_4",0.03465659161898885
"10480_8",0.26898221036692754
"2412_2",0.036373993946499705
"5206_3",0.11115118141782912
"11963_9",0.846485839387585
"663_1",0.04905027425344856
"352_4",0.2507999178286102
"7504_3",0.8763538155563609
"8678_1",0.06368495805777649
"2330_2",0.8869256030794886
"12282_1",0.03006600034279142
"6485_10",0.8405882777756405
"9306_1",0.034209268978821185
"7468_4",0.043283567311397694
"12207_1",0.04061561485621436
"6701_7",0.8891829285523005
"9861_7",0.1138673965669691
"6318_7",0.9698821125556669
"11612_1",0.03618888603308305
"4800_10",0.05472335897514663
"5360_3",0.038695393559220796
"4977_4",0.04491703549668786
"1678_9",0.9646384095492031
"5017_8",0.9807025081661922
"3087_9",0.9882942076683967
"1915_8",0.9264922859248024
"574_10",0.9179970856780051
"6062_8",0.9887694998285066
"2860_4",0.8064316392506181
"1800_4",0.050228026947010763
"1928_9",0.9850185934467819
"9890_10",0.9807818195242125
"12159_8",0.9676375274959361
"649_7",0.9715596458347882
"8708_1",0.054582956375424777
"8181_10",0.9590198778247407
"3495_1",0.03872522147188095
"11612_10",0.9509329199604933
"6919_10",0.9836603926841312
"12217_9",0.9828046467589926
"9276_4",0.08416244720455136
"3520_9",0.9856482128173475
"6492_4",0.17000992614865168
"3900_2",0.04844455710046377
"12298_9",0.9496170999031723
"12394_1",0.03647352300721913
"4873_8",0.07438848965592278
"4797_1",0.13169461285064216
"3197_9",0.9088058495261138
"2474_10",0.871121055127171
"4042_10",0.9904273403024574
"10641_1",0.03594815813079652
"10882_2",0.041530805053359675
"4803_4",0.04368300893095786
"7459_10",0.9864689650719406
"1828_1",0.03428859709247784
"1718_10",0.9894145031939866
"9603_1",0.051477922478726054
"940_7",0.9656076992860213
"3074_4",0.04220709421454588
"8802_10",0.9900737488795055
"7180_4",0.037969304539988626
"5250_1",0.0632822039781649
"2734_7",0.9885868988963358
"2354_8",0.9552784655978592
"6805_1",0.15026256525899157
"11156_4",0.04580266328301562
"2734_3",0.037901085695633774
"12216_1",0.06987799852289972
"660_8",0.9581341092836302
"8978_10",0.9526242711528314
"6272_1",0.8160091716389591
"8294_4",0.035965663920907304
"11956_8",0.9460073127623136
"3265_1",0.03840628709459116
"705_2",0.08580536589496113
"9058_9",0.9873980401486394
"3582_3",0.27695246721688577
"6985_1",0.03693280977871843
"5611_9",0.9906174480125993
"9491_3",0.8457689557712215
"9945_3",0.03489084379482492
"1840_10",0.9885268183328038
"12280_3",0.12855653588981925
"1932_10",0.9893202006852491
"8682_10",0.9444920244765778
"5418_9",0.9823657376505902
"3354_9",0.988770084063711
"8078_3",0.03981794121487414
"7747_1",0.03329066128552462
"2669_7",0.8660860312076193
"9180_7",0.9734666750998309
"1320_1",0.03499426310988323
"7742_8",0.9740385175704919
"6232_9",0.9754038656527095
"3459_9",0.988502310589965
"1008_2",0.12947455182065223
"7987_8",0.8539283824933048
"5078_7",0.9816755779720259
"10660_10",0.9412597396924711
"10325_2",0.038862657695078726
"4951_3",0.03960358139589506
"10502_7",0.8770499787523263
"7548_9",0.15799579290787744
"2870_10",0.1514716550280791
"8136_4",0.8405856669879491
"9870_8",0.7588328852892672
"7588_4",0.04291006461191262
"7845_2",0.03724295311093368
"10334_7",0.9777987118112019
"4860_1",0.03993194215115133
"4855_9",0.9872450092265579
"1337_10",0.9689279389439232
"6403_3",0.13824402404004002
"9447_10",0.9894503395630618
"4724_3",0.040005512716626994
"10895_10",0.9850821099182553
"2171_4",0.10471351643552451
"5361_9",0.9909240532218048
"11056_2",0.03505174693669751
"9772_10",0.9238026716201682
"5719_8",0.977313482948498
"3050_7",0.20233016295760076
"4406_1",0.0449999174762763
"9833_4",0.12678157328825498
"1217_2",0.041217202481764345
"2632_1",0.04172197654844021
"3250_1",0.7274062842646756
"5130_9",0.926572387502604
"3526_7",0.8180822095550087
"2793_3",0.03703556934460995
"10708_3",0.038600416697930504
"6415_8",0.9776194194673848
"11258_2",0.037368704213195506
"11451_1",0.10632311980868782
"7724_2",0.036278203277787704
"4276_4",0.035305579515203654
"6058_1",0.043946857324333725
"4086_1",0.08974687295497749
"3670_8",0.9087058535213977
"7125_8",0.8724643681828363
"9377_8",0.8687932426923014
"763_2",0.05752678863493695
"7882_8",0.9654392910586987
"757_9",0.9287535877648212
"389_1",0.9459982686092087
"9102_10",0.9898040861274913
"9384_7",0.1519500881106281
"5684_8",0.9802510006802525
"12090_4",0.05004717834868
"12002_4",0.04719831045095075
"5443_7",0.9209631233581613
"8782_9",0.11523177490492448
"9878_9",0.982497079747639
"9640_1",0.12324291108770973
"999_3",0.7780190727967748
"6249_3",0.8700692844566744
"1656_7",0.9591370925778557
"6649_10",0.07843392949347137
"4630_1",0.06782476548476785
"11300_8",0.9211000593184386
"5894_10",0.9514073569915422
"3198_1",0.08676592742930778
"7924_2",0.912083772694458
"6318_1",0.19520705842923236
"8075_2",0.07177349843194247
"10005_2",0.07051818801188574
"6431_8",0.969559138963905
"635_2",0.04155475311047114
"1803_3",0.04106731161118695
"5721_4",0.038037523094150455
"1116_7",0.987638516733512
"1456_4",0.17695303289035613
"51_10",0.9906063690788057
"7155_9",0.9761286985280363
"929_2",0.0384651817316837
"12269_1",0.036469991531766985
"10597_1",0.03567862145001274
"9005_7",0.9693638183192478
"10467_9",0.9244806964569641
"2251_9",0.9888043722026814
"1977_9",0.9828670860208083
"8539_8",0.18046756939904837
"2416_1",0.03591981737634002
"8508_9",0.989102760622734
"10401_1",0.059163244040010055
"12217_2",0.15271593843215803
"5484_1",0.04060410690218115
"3833_10",0.9813326511077877
"465_4",0.11652192418545396
"7591_7",0.959862138418925
"11485_9",0.7675464073065053
"3728_1",0.035297353221254234
"5538_8",0.9850379041015398
"10751_4",0.07223970757495937
"8883_8",0.9151012243133595
"6581_1",0.04121110375295783
"5476_1",0.049119655920366705
"4338_9",0.9807590783847248
"10343_1",0.08464478619090962
"2914_10",0.9866142523626574
"6103_1",0.8917818907932699
"7691_1",0.037790093040226805
"3444_3",0.05691941529938189
"2397_8",0.9830424704411591
"8255_8",0.9748905834950369
"1660_1",0.03862420020613167
"10154_2",0.8894822193120827
"2138_3",0.049218256194083064
"9614_3",0.03736676680157241
"2682_10",0.985354498034007
"1813_3",0.05186446672542897
"10581_3",0.12202841512116423
"3733_4",0.03803047218271788
"5210_4",0.21959686763845623
"11961_8",0.9822977066896563
"7928_4",0.04124224352119295
"12156_4",0.17163255626741586
"11025_4",0.13239241425894302
"11233_10",0.9902854520186013
"473_1",0.0341289929306064
"6648_2",0.03817336617526739
"2451_1",0.03883891019499164
"7679_2",0.036714464439220475
"2954_9",0.9639007056141504
"9652_10",0.934335392754304
"724_3",0.04646491333309214
"7592_4",0.03501501249139982
"7669_9",0.9825072465166962
"3816_1",0.03476107678548402
"1401_4",0.06597214455124575
"8551_2",0.04265323278673761
"7901_8",0.9770925921424323
"10552_4",0.051480139018992024
"330_10",0.9761157661015161
"232_4",0.04274379121405051
"12351_8",0.9197669572458882
"12451_10",0.968954672255264
"5884_9",0.9570508514938654
"603_4",0.038499612941842884
"3415_7",0.8990005233523628
"8727_1",0.04269707605973377
"10099_4",0.07695250397801556
"7989_10",0.9892610349948996
"2329_2",0.9107276452244114
"5774_1",0.036928265265276455
"8201_3",0.16116572550641034
"3491_1",0.03941384443710324
"12210_10",0.17257190554242183
"7604_8",0.9389866043815288
"1676_10",0.9930691691004608
"6477_9",0.9875821287780867
"2521_10",0.9912663477634891
"9140_2",0.041624547783596845
"2463_4",0.043254945808705925
"587_8",0.9731585438845048
"7120_10",0.21432631459625162
"7734_10",0.986773719492337
"7322_10",0.9369135306657257
"3803_2",0.04121529786075252
"2417_4",0.03634350621979127
"7757_4",0.04490016011375817
"478_9",0.9281598772075471
"12269_9",0.9843344161593801
"10472_3",0.08398051096625025
"2858_9",0.9881348247481643
"414_9",0.058393410885010905
"2552_4",0.03575288839443342
"11615_8",0.9879022106014198
"201_2",0.03770258047889163
"5624_3",0.04047202056152004
"5080_8",0.9647373314081488
"4507_10",0.9186233197667065
"1527_3",0.13982022995403387
"6282_1",0.04641913403598824
"3911_1",0.03541368913020162
"4616_9",0.9622182906414718
"9562_4",0.9340321499381192
"9975_8",0.77209180338791
"7584_10",0.9610391652013939
"1121_1",0.03975157524814383
"382_10",0.08865311236481624
"11309_1",0.040295235871592686
"5424_10",0.9689153101124759
"8697_8",0.9652114410056039
"12420_2",0.04515597791406678
"5052_10",0.9801700244277892
"1037_1",0.037584981266262404
"346_7",0.039129216349887475
"2285_8",0.9623880048937624
"10867_1",0.03646629394995505
"4335_9",0.9372349891674254
"9088_7",0.9587819891376941
"11037_8",0.9127214615906862
"1993_4",0.04464099634548578
"11469_3",0.042428605770614955
"1834_2",0.03693990962546734
"10723_4",0.049134926605260504
"5377_3",0.041021098244350705
"1812_1",0.04357300096370003
"2760_8",0.9875495215136834
"12062_10",0.741080381136149
"1847_1",0.03430158670281725
"1280_3",0.04724664440115626
"2106_8",0.9683992792815724
"5414_1",0.03319724862978196
"4930_10",0.9909404830957709
"5024_9",0.9308809401479092
"5295_9",0.9863896587484375
"5427_10",0.9763400883131106
"10526_2",0.04380011708658104
"5517_2",0.8539063415978658
"3971_8",0.876642374849184
"12260_7",0.17420573624715724
"3676_10",0.9881516396543569
"4132_7",0.9859298067055574
"6721_8",0.8738193665011655
"2381_7",0.9535321632344465
"818_1",0.0401908716621923
"6503_7",0.1934512304353343
"12068_7",0.9825337426029774
"8847_1",0.034285258806894134
"10698_8",0.968935318693445
"2347_3",0.03746745748003112
"9337_10",0.9432349973924328
"9070_4",0.0875641301852206
"7962_10",0.9847853084399918
"12183_4",0.1969932161509823
"12410_3",0.0729217285363069
"7988_9",0.9874550560449589
"8980_8",0.9734303291325633
"8568_4",0.04188296731370809
"8374_7",0.9832020754164947
"3561_4",0.18715322672869766
"692_4",0.15616906348428336
"4259_1",0.047041847204973904
"1627_1",0.061200363570870386
"7064_9",0.9892042244893405
"5410_7",0.8907340333689704
"10003_3",0.8489215695780598
"12068_3",0.03723339242924466
"8048_7",0.8543436286282926
"2590_1",0.041385589963920194
"3464_2",0.9782251765354071
"8423_10",0.08443845380814928
"5036_4",0.12125311782921872
"10030_3",0.04526765211832826
"5500_9",0.9881524875688528
"10129_10",0.9406212664017428
"1549_10",0.983783409575054
"6463_10",0.9911339538555209
"1026_2",0.04843393926267596
"6681_10",0.9835995463898788
"11004_1",0.037756640116543866
"6191_10",0.9269904371647608
"9253_4",0.9607041539406829
"3193_10",0.9902210667588949
"7563_1",0.03415724090864937
"3104_7",0.90809751158506
"6369_9",0.9712452077660235
"606_1",0.03621122854105881
"6069_10",0.9805186059888786
"6966_7",0.040851474804437155
"8945_4",0.04649833160007809
"4920_1",0.039287154845625574
"7358_10",0.9820940885759452
"9665_10",0.9889750341019384
"5005_1",0.17225136264279145
"12324_2",0.04103235583416814
"1878_1",0.034195984277901756
"5917_2",0.04001567314384589
"11912_7",0.9834107906225463
"11692_1",0.23359520794121885
"11505_10",0.9859226726809709
"5416_8",0.9835803698624285
"12072_1",0.05010568822706905
"4436_10",0.9864118320479458
"11762_1",0.06308803378826713
"5805_10",0.9906696900853106
"9464_1",0.03547368535776704
"9412_2",0.035065083727859755
"11262_4",0.873554657347807
"853_7",0.9491325176622283
"7087_4",0.050051768447664916
"1896_10",0.9816531424994279
"9749_4",0.11146316531014547
"7431_2",0.06032260491874173
"10253_3",0.03610361998229449
"10675_4",0.1482673996037892
"4275_4",0.11484316574543627
"5399_8",0.8784712433307211
"9388_10",0.9525040027587269
"7019_10",0.9900547766046546
"10223_2",0.04215647717905903
"10216_1",0.0414582098325232
"2097_3",0.041615898357504434
"4243_3",0.0471153702622476
"8672_1",0.0386925733441308
"1260_3",0.03784487031760515
"1734_10",0.9808736517998173
"2955_9",0.9611896141190841
"12033_1",0.03575044829969934
"8243_3",0.043935283365936925
"8741_2",0.06694634584050915
"6481_7",0.9518608706959988
"7053_1",0.04124993425215519
"1624_8",0.9790358396348007
"2900_1",0.054008043483014676
"4328_1",0.037904930395004074
"11732_7",0.9376385021903202
"746_1",0.08940801751711851
"6004_3",0.03707033378810873
"6162_2",0.03620545580724557
"9375_4",0.034819404481850086
"10924_4",0.053233107880625914
"6304_4",0.059976017708621855
"10035_10",0.9851631218291848
"8867_2",0.03616680392804605
"9781_10",0.9307804716225262
"8902_8",0.9837908841281121
"1006_8",0.9273184885976159
"7230_1",0.038300245814414206
"8788_9",0.9645926087993268
"2079_10",0.9878735036031868
"11987_3",0.034417743903583084
"2724_7",0.9769923179420194
"8534_2",0.036340545819063756
"7052_1",0.0410075245425591
"4390_8",0.9853120810792879
"520_10",0.9897768355538854
"3936_3",0.20668038279337458
"5160_3",0.03641332888273339
"10519_8",0.2784033741375713
"8906_1",0.03832395744809179
"8750_4",0.04420052926916799
"8606_3",0.17854254129902394
"12038_2",0.8417251677480841
"2939_8",0.9865053757979795
"5721_10",0.9850460167810001
"6798_8",0.9687000383737444
"11820_10",0.9862148413684408
"6435_10",0.062354721219254054
"404_8",0.9892565862686243
"6066_9",0.9849572735265754
"7921_3",0.037327482769669296
"5468_3",0.05764659958295986
"7034_10",0.9855750247313482
"4309_3",0.09076891981135185
"8201_7",0.9908711915211754
"3656_10",0.9866738743149704
"8786_4",0.9009640282147072
"10564_3",0.03868538256131676
"7401_4",0.037690613566488146
"1163_1",0.13960391319253793
"9915_10",0.9874063072859405
"11080_10",0.0498031531216872
"4710_10",0.9901148141942732
"131_1",0.039989784873343114
"6387_3",0.11416703691610444
"3906_1",0.034583128690517016
"2075_1",0.03863530995471585
"11663_10",0.9888713565903806
"6149_3",0.039695703530285835
"6703_8",0.969193046822864
"2440_8",0.988551237854153
"10500_7",0.8664991568364772
"7349_1",0.040101157415569494
"10695_1",0.04590477081848791
"6905_1",0.03908084345001043
"4902_4",0.07229062887388017
"5298_9",0.9892059852432257
"6701_4",0.17212985353904406
"1344_10",0.9442209701579147
"284_10",0.9247359141928375
"9114_10",0.9918784897512954
"12102_10",0.9872608082245717
"11448_2",0.038154999532512404
"1053_10",0.9828810279652564
"8341_10",0.06451595722192417
"433_1",0.037509844878911694
"9534_4",0.09448956732633204
"6471_2",0.20226656147394628
"8971_10",0.9837198412179424
"433_8",0.9733719944790283
"298_10",0.9419639921663534
"5965_1",0.02527784821053935
"10408_10",0.9846391849578124
"9112_3",0.16548209966848187
"6726_9",0.9871805465512293
"1048_8",0.949026529015188
"11046_9",0.9812964878936904
"4808_7",0.9904634800474262
"7027_9",0.9860410418982635
"12435_8",0.9419634817190482
"5480_1",0.8958747061079367
"8823_8",0.9826088622993054
"554_9",0.8966950782734232
"7167_2",0.0428197270158874
"10762_3",0.0921893061584041
"9036_8",0.8908100997736573
"12185_4",0.8420729394923034
"7763_10",0.9911556290164782
"10271_8",0.9827630500919098
"1159_8",0.8930689216897323
"11063_1",0.037442436836591715
"12479_4",0.03931089165419194
"11179_4",0.9268740343138004
"1736_1",0.03569584602901844
"4840_7",0.9839128309129258
"8233_2",0.9116810252155546
"1082_9",0.9817315946139485
"8378_7",0.9840649688120597
"7777_9",0.9874146224855522
"1883_9",0.9641824222696163
"7350_10",0.9873456235913747
"704_8",0.9214746438782757
"6554_8",0.9496926741962172
"1750_10",0.9870356371086088
"4969_2",0.0382916422882206
"10339_8",0.9865517199494249
"1902_4",0.08238858861758944
"5578_1",0.023305278669903624
"5502_1",0.03913301864898628
"7250_2",0.03753157787961197
"8856_4",0.05256535010234627
"10840_9",0.976993432266121
"9730_10",0.8861072876189479
"11146_2",0.043241895980228165
"5988_3",0.0373452540051646
"9734_8",0.9851649150328792
"12338_8",0.9010472600544435
"9813_1",0.07571511142949529
"8928_2",0.09960349310756948
"5431_2",0.039008133032983804
"9467_9",0.9886254950229507
"4933_4",0.06301376652790294
"11280_10",0.15197502863439122
"10279_9",0.9777807906487116
"7024_1",0.03976095381322282
"9115_3",0.05368535149936388
"5701_10",0.9844680446652898
"9539_1",0.03537007489021531
"7655_7",0.9761398620887147
"4518_10",0.9619193876952618
"3039_4",0.049018177937011145
"8654_3",0.06451067170162983
"8893_4",0.17916448120302825
"3598_9",0.9533913992959291
"6443_1",0.03659277863642681
"3843_1",0.039205573717427236
"3848_9",0.9816349311076646
"3149_1",0.053958211080200734
"2152_1",0.041526189958089946
"11564_1",0.03848449726292535
"4391_8",0.9488764528462851
"950_10",0.9172120656098104
"10531_10",0.9889481594137438
"904_3",0.0440209231862157
"5293_9",0.9491089545389247
"2173_1",0.03409696614081282
"5992_2",0.03634441744902378
"782_3",0.8027260956343769
"1295_8",0.9847549614337902
"9659_1",0.036899586756510144
"2214_3",0.03849020902035117
"10772_3",0.036760919099534876
"7515_9",0.052444349305537166
"7294_2",0.048501701670796836
"7761_1",0.037908058368501626
"9027_9",0.9721799823586477
"6595_1",0.027087464479553264
"11003_8",0.9821329087262604
"601_10",0.969081837568156
"2991_8",0.8106689447000511
"10937_8",0.9824321602327747
"7545_1",0.03572122255971599
"9747_1",0.034972833959593545
"7653_7",0.9672849959689953
"6886_1",0.03705429353221316
"8054_8",0.9629911721126443
"7299_9",0.9496068158270639
"2289_3",0.2051870188371808
"6569_1",0.034510553147385124
"10909_2",0.03852892635746684
"4022_7",0.06132846607544457
"5407_1",0.04138020901794594
"10211_8",0.9203132054469743
"9194_1",0.07262702283444798
"8113_8",0.9808054349999809
"12010_1",0.037280096192109494
"7373_7",0.9844390086277797
"3535_10",0.952300901113672
"5265_10",0.15005264167124546
"7032_1",0.08012507510293772
"3391_10",0.9860417054348702
"969_9",0.9872528751080956
"450_2",0.0678281881950956
"12296_3",0.8865623683159116
"10855_10",0.9872784969716639
"2741_10",0.9714019887772412
"12403_1",0.039738440753986234
"6118_4",0.9190461717796814
"9001_1",0.053187736002374676
"172_4",0.06048751814545424
"4405_7",0.08724172413331466
"8923_8",0.973248792267916
"5396_10",0.9823016776870905
"7183_1",0.0395993782709506
"3261_7",0.9832793562236358
"7445_10",0.9903166831418293
"11412_2",0.04649352094090715
"4765_3",0.048396399961755696
"5248_9",0.970079501396915
"3172_2",0.05228565928471393
"10813_4",0.0807214323789493
"8054_1",0.039272710542581135
"5535_1",0.034475446246851116
"1306_8",0.9853183185171823
"135_3",0.03705602795420172
"10646_10",0.863170919609783
"9906_1",0.03807789634048212
"8156_10",0.9758782920021797
"2806_1",0.04615710978841524
"9501_4",0.03895047088263035
"1882_3",0.056198761499586025
"11895_4",0.042225495385210615
"5420_10",0.9870438542893971
"11791_10",0.9904347236368595
"3798_2",0.027018688797911704
"3282_8",0.8361438338483029
"1278_1",0.03858464149910685
"1011_4",0.18658549768932864
"5263_9",0.15006261383527458
"11301_1",0.034561272481163634
"1946_7",0.9647554440953676
"3246_10",0.989781278144056
"4130_8",0.9582139253221643
"4172_10",0.9716652296252842
"2619_2",0.036481155600356335
"5197_4",0.952900437720325
"6060_9",0.9435719069451804
"7430_1",0.03478910194621652
"3511_10",0.9744665674818707
"6970_1",0.03914749667177449
"931_4",0.03700814970785846
"12374_10",0.9703491838135949
"10217_7",0.9237943561175734
"964_7",0.9666514386340862
"4859_1",0.034855770669035564
"5525_1",0.05897854981114567
"11471_1",0.7533258732186727
"5030_4",0.040237045839176526
"12177_2",0.048748642624077604
"8892_2",0.03724223791354923
"1073_4",0.24805239620254452
"7406_1",0.03603596176216185
"6345_9",0.9495797906434165
"7395_7",0.050379262536442426
"9952_7",0.8518336042075688
"5851_4",0.2398763605449289
"6880_7",0.8679494905358406
"642_9",0.9728724205453507
"6271_9",0.978895751138498
"10983_1",0.03502878845203092
"5602_1",0.034875567383042816
"3834_1",0.040982663152243234
"6961_3",0.04056438436088737
"10102_8",0.9772175844783928
"6988_1",0.0416852946142625
"5803_9",0.9822693845442779
"6009_1",0.03461244977204091
"10294_2",0.039239178955222595
"9811_10",0.882394314176349
"11298_8",0.8495679573520089
"4625_10",0.9854546586425033
"11263_3",0.03801467517086469
"11502_3",0.9012830876655491
"9690_10",0.9840744682466759
"4453_10",0.9948846059054121
"9741_10",0.9063128617454315
"12191_9",0.780463615127093
"8019_8",0.9847337038639973
"2298_4",0.04674493974747644
"1489_4",0.07496459075652798
"4228_7",0.8076954446682783
"10905_1",0.03420478153578477
"5103_10",0.9899032968261171
"5641_1",0.03581987258432234
"11567_1",0.043368924723544165
"4040_10",0.9905757568526816
"4777_10",0.9892173905821127
"9612_10",0.9901823082872293
"3830_1",0.03993880596766924
"8781_2",0.03631741610380537
"9415_3",0.8040668832786588
"9171_3",0.047676632917248066
"478_3",0.053098882683238355
"10979_8",0.9809180375969214
"7073_4",0.05109479281838217
"5419_10",0.9533719656115728
"8505_3",0.03800512049343515
"7559_1",0.16582319575342458
"3827_9",0.9335982916813728
"9242_1",0.03684414813775599
"3133_10",0.953375998738847
"9051_4",0.05898382611086952
"8604_10",0.9713638701556024
"4811_8",0.9711949404495797
"10697_10",0.9568552057659541
"6142_10",0.9577943037490568
"6740_1",0.041066767044050934
"7806_8",0.9847589747081147
"8326_4",0.9790571284448555
"12425_3",0.03935160382313499
"11113_1",0.03425802961966411
"8096_1",0.035530150138438514
"512_8",0.9462278261423926
"11144_7",0.806139621395813
"2073_4",0.04834190186724388
"6966_4",0.054922947709331635
"12122_3",0.8842184519444439
"429_10",0.9367659035676
"10294_9",0.984061523752204
"9955_3",0.10085380157374253
"10878_10",0.981393116081109
"9365_1",0.03492371062342576
"7317_8",0.8956680827391773
"2863_8",0.8659273605400227
"11935_3",0.057556902167386854
"2180_2",0.06188520828060915
"267_10",0.9879228951112251
"72_8",0.9723164565474711
"936_9",0.9880582093992956
"2363_4",0.03843633160704012
"11722_9",0.969753874148046
"1353_7",0.8200276754120646
"3883_7",0.9777662449306859
"9475_8",0.974681635366481
"2328_2",0.03970575475321978
"11982_9",0.9882460048462149
"10413_8",0.9846131234136252
"1277_2",0.03994282011232373
"6299_4",0.04522475627858258
"7536_9",0.8744658031357246
"8368_2",0.04140524209063913
"634_1",0.036173533354654626
"10095_3",0.05795266431562686
"8821_4",0.03630624337076321
"5669_10",0.9907075176406113
"4600_8",0.8856814684387071
"10859_1",0.06693162240792135
"140_9",0.806907655294814
"153_8",0.986204997488249
"8013_9",0.7855258910205825
"12389_1",0.7996383322737949
"8443_7",0.9804242098092617
"12290_10",0.9437226912439943
"12152_10",0.9491014347145527
"6442_3",0.06974366584376655
"7557_4",0.18374493894912494
"3699_4",0.8723089516872661
"6461_2",0.9379731205320667
"8641_10",0.9872843104285116
"10771_1",0.7343053327910217
"10539_2",0.055498419224196495
"10406_1",0.03869927695723664
"9617_4",0.038629248724574745
"9403_10",0.990594137854667
"3015_1",0.797380889515533
"181_10",0.9877847191111351
"2879_4",0.04223711812836573
"1758_8",0.9739348379424639
"9992_10",0.991507640177972
"10769_7",0.979287771831563
"5616_3",0.041381105498139115
"721_4",0.06086997929572102
"3035_1",0.041963841738677114
"7877_4",0.0362659236699412
"5554_4",0.039745600819573075
"1475_7",0.9861914958207992
"1538_7",0.9693281941396746
"3499_10",0.8548494367439831
"8815_4",0.8361646720954177
"5817_8",0.7691428976047178
"4179_1",0.04526818617387856
"3719_10",0.9253369274018957
"2538_2",0.05475959662760428
"4873_3",0.19659689554638632
"7283_9",0.9798166337798716
"1997_4",0.06573844787719994
"11036_4",0.0345188665561606
"4123_4",0.8669987932356529
"3520_3",0.03659351774379214
"10320_1",0.03819126007900448
"10185_10",0.97737353241788
"10193_1",0.03971300748614224
"2506_7",0.983858691269582
"9868_10",0.9622253864377189
"5603_2",0.03971734319795653
"8392_3",0.047227433581632075
"5322_4",0.03891958761992422
"12117_10",0.9899408228444758
"2411_8",0.7404889086346836
"9393_4",0.03672639717444555
"5968_8",0.23484685303282116
"6860_1",0.03297099886014733
"12144_4",0.8934982138683155
"2706_10",0.9871631701281297
"5655_1",0.047600096305132664
"2555_8",0.9567299594740825
"6091_9",0.9524938390082617
"712_9",0.9730726994616835
"9445_10",0.9734730413019173
"1777_10",0.21715696903320983
"490_8",0.08536135702694536
"318_10",0.9696323913036529
"10143_9",0.962890390160772
"3608_8",0.9688037459281502
"686_4",0.9401444064054574
"12147_1",0.03467368353687938
"6782_10",0.9536096256652791
"5560_10",0.988520279300007
"11621_8",0.9499123795042885
"11909_10",0.9137756790061708
"11938_9",0.9907582778494521
"1877_1",0.04007385925928703
"1298_1",0.035540777404554816
"11154_3",0.0392284986342571
"10898_7",0.24319840086699085
"9980_8",0.9885732864535168
"9719_10",0.9799105530654233
"516_1",0.03999563357535716
"2541_1",0.03773607411456146
"23_10",0.968834802951883
"3517_1",0.0405577556713775
"10839_9",0.9891323730567716
"11461_9",0.8569907082449215
"10150_2",0.041461364196264755
"10664_9",0.9894772046681674
"6750_10",0.13262284283869016
"11165_4",0.9849491503008233
"3463_4",0.08204944848894889
"287_1",0.04024320491646186
"5582_1",0.11839647993992733
"1136_1",0.035377780895056714
"10316_1",0.0545813715915746
"1684_8",0.9494721183836399
"3556_9",0.8833545658315082
"11680_9",0.9875353077457859
"10775_10",0.946984157444839
"5558_2",0.04732142668796579
"6203_10",0.9277738431954698
"4057_4",0.2802561348391001
"9010_8",0.9891381163566475
"1033_9",0.9668330607963356
"12116_9",0.9622217118753328
"8401_10",0.9902907174779995
"9863_4",0.05413310152596782
"2777_1",0.03497263740410364
"5797_3",0.03749879659284326
"9929_3",0.03538935689036605
"4177_1",0.039196961436205
"2205_8",0.9863703277618209
"2839_8",0.9747072128745117
"7161_10",0.9586341046867728
"11724_4",0.9154124153843732
"10369_9",0.9866316697561225
"8702_2",0.04101662221669682
"1028_10",0.9794575696103418
"7226_4",0.8224315441649553
"8799_3",0.06764926761292181
"1573_8",0.9373315855941203
"12041_7",0.9813952135347352
"6207_7",0.25568566677088855
"399_8",0.9759546803952849
"1034_2",0.03606524440806217
"1610_4",0.762682799848845
"596_10",0.969747024892174
"6474_7",0.9889588468285866
"4464_3",0.0800434001158186
"10637_2",0.04589792186826883
"3272_10",0.9879029930224588
"10194_7",0.040990655195426134
"11906_3",0.05381799326706941
"3666_3",0.07268534781698194
"6148_4",0.05289510405158875
"4595_8",0.885553005480479
"6146_1",0.0374366701158275
"7512_10",0.8173702480827318
"12333_1",0.036161719105498744
"3490_4",0.12046955852200547
"8495_1",0.036166054295328647
"955_4",0.06901755717135151
"10582_10",0.985445370576718
"9477_8",0.942401688210575
"7132_3",0.034480344063053
"5214_1",0.037899012944375386
"8258_10",0.9212645211152184
"10387_1",0.049121817353432094
"268_10",0.9736811905147538
"8153_2",0.034303554165489476
"7353_3",0.118526589556919
"7847_10",0.9881555773041444
"12028_10",0.9377579401347342
"2998_8",0.10997924780800221
"2641_8",0.9075829521505852
"11923_8",0.8613152437651508
"12322_1",0.040806056228966554
"11816_3",0.03688635928423114
"7111_3",0.05302785613898136
"8107_10",0.9794586056952235
"8835_8",0.15704318253002605
"10142_10",0.9767259638883852
"4445_3",0.042314208747570387
"976_8",0.963883146947117
"1996_4",0.36396888571876007
"11496_3",0.037455450134699496
"1644_4",0.04550179900925982
"8573_3",0.04437673300166776
"10835_9",0.8446285534793948
"11531_8",0.9893269720330738
"5802_8",0.9382434196977877
"2501_3",0.03777410106188297
"530_2",0.03739358079172731
"1051_10",0.9887096314675697
"6629_1",0.0368648380572081
"10350_1",0.1610541249717478
"2943_10",0.9907144857219266
"7661_1",0.03791384297233966
"8359_3",0.05332939300017785
"10218_7",0.858659920625473
"10548_1",0.03689005071065329
"906_7",0.9855763364378247
"2708_9",0.9829430041558724
"12478_4",0.0987821906268105
"10222_1",0.05156134800829728
"3560_2",0.03642375693024913
"3371_9",0.8550545835700072
"10009_3",0.04093242714990294
"3142_3",0.049724937979012035
"3876_9",0.9642778881523038
"6662_2",0.04362764490477275
"4691_1",0.04585897474593934
"2491_4",0.8513064679482716
"12485_4",0.08555854436478932
"1716_3",0.8321008238731722
"10767_10",0.9873496932112389
"4083_2",0.059744706145236984
"7656_3",0.08999092175136535
"2532_8",0.945038705976233
"11243_8",0.9237113917059623
"11878_9",0.9863979737090135
"3627_8",0.26508424799898506
"9049_10",0.08671785120503232
"2950_4",0.14122366865479827
"4553_8",0.9899766726899788
"10414_1",0.04198772009840589
"4281_7",0.9626483548053415
"7905_4",0.9704486130505292
"10800_8",0.9587088138526596
"1562_4",0.1441568935566817
"7604_4",0.07326965941785524
"5752_2",0.08744190206689366
"9465_1",0.04822640882689917
"2701_4",0.055028386889170555
"12432_7",0.9642000391840679
"7583_9",0.988244638125464
"4003_10",0.9592907652832847
"11082_2",0.0368976152936194
"7650_3",0.04450107326987199
"2215_7",0.9392756041349429
"6597_9",0.958423098776499
"12268_1",0.03596032718421099
"8650_7",0.11184271833262877
"8311_2",0.03763881658102807
"10764_10",0.9327759110748002
"5462_2",0.03739874286576875
"10303_9",0.9913151794261361
"12132_4",0.050633375744876724
"11786_2",0.03918840454266488
"6248_2",0.04818361210280232
"5570_2",0.0342824327731404
"8367_4",0.08941352547788897
"2416_7",0.9644215610834345
"4073_1",0.04185256426380665
"4642_2",0.14062919297618146
"580_10",0.988603746385831
"3328_4",0.04295888430266994
"9524_9",0.9545326192665633
"11980_2",0.08993599336765264
"7812_9",0.9699765321684771
"3567_7",0.9651757432696555
"9592_2",0.035747999631627364
"8421_1",0.03658319855260523
"2618_1",0.03705743915570792
"2367_3",0.039016369682787794
"10613_1",0.03624581679173268
"7657_2",0.06270375411422154
"10992_4",0.04972160059147506
"10663_4",0.11698699112170255
"9589_4",0.04830349432155385
"5184_8",0.1903541193282912
"7352_7",0.9847758655043539
"6483_4",0.967623482697209
"914_10",0.9577847588996824
"1239_4",0.8039896246928799
"4465_4",0.16304679771246922
"82_10",0.871471490992225
"3696_4",0.04875103300206113
"1507_8",0.9653049610323429
"12211_3",0.8365406497453415
"4003_3",0.038651047188574775
"3738_3",0.1728265304972713
"12089_10",0.9847108524072544
"593_1",0.037278960450100165
"7555_3",0.08507414533738947
"9897_9",0.9889274306808508
"299_1",0.03721027605651951
"2774_3",0.04964530728572939
"4723_8",0.9771019339934548
"1636_2",0.036107188146421845
"3383_8",0.9898197197842846
"5360_10",0.9873264651757763
"11542_10",0.9888625001426058
"1964_1",0.03714490311644437
"10323_10",0.8122878763649021
"5166_1",0.037666336529281585
"12371_1",0.034860881460771515
"7426_1",0.037861052160724905
"11832_4",0.07167722976654865
"684_9",0.9170752030865177
"519_7",0.09514541893656378
"1712_8",0.9794698884527514
"5973_9",0.9772545148055467
"2820_3",0.03660026133490181
"5023_7",0.9850439496936635
"2625_1",0.03901406885355529
"2699_9",0.9863821349165265
"7123_1",0.04281983788935832
"7327_10",0.9700824942429586
"944_8",0.9792611547123178
"9757_10",0.9610263859569326
"12491_9",0.9803019869464797
"12301_10",0.8853310112541493
"421_9",0.9857904595509612
"6655_2",0.10339914338652595
"610_9",0.9036268676837257
"3020_1",0.13377960158797086
"1797_10",0.9902232260348242
"1248_3",0.05517131396379333
"2524_10",0.9906483205539546
"10596_3",0.05935583949889971
"9326_3",0.035652564043072724
"9346_2",0.035032054123537784
"3890_8",0.9920827971698937
"7836_9",0.971355954946271
"12388_7",0.917074037745726
"3205_2",0.042397049297202095
"1547_9",0.9857786644577495
"2706_1",0.03785685960541674
"391_10",0.956243197132391
"1544_10",0.971741883057996
"7861_8",0.8781655165240171
"1448_2",0.03772956708258282
"6451_3",0.0492623912360623
"12187_3",0.1303843244405333
"11702_4",0.768890157304834
"5947_1",0.22394971005423048
"1282_3",0.035315790751912046
"7492_2",0.03570814316700431
"7724_7",0.9542876860522405
"1564_1",0.24641764322068022
"4425_9",0.9894760592410821
"9416_9",0.9872566645672118
"10826_10",0.9834134284456942
"4402_10",0.9884536114523826
"9332_3",0.03432335514415207
"5856_1",0.0380634155504215
"2784_2",0.03874771956055487
"3216_1",0.03729368288394645
"8057_9",0.9520862576080567
"526_10",0.9486725355774398
"4376_1",0.035866631913103096
"9513_9",0.9517918132050701
"9972_9",0.9183427986717336
"339_1",0.047311148876466175
"11898_1",0.05320860018981644
"9282_4",0.05272025588563232
"2303_4",0.05711274282369707
"10199_1",0.0342931283819017
"11660_10",0.8869664350434647
"714_4",0.04130984404888753
"9283_9",0.9384260214378445
"2972_2",0.12350871234244888
"9060_7",0.9911139647765299
"3562_8",0.8997509048222795
"11064_8",0.9866742279670097
"4190_10",0.9752075719365226
"12472_10",0.9907703718803367
"2942_1",0.038619113865305206
"9560_9",0.9676157004530717
"2692_4",0.03605515893080016
"12057_1",0.03467267431318696
"11197_2",0.05284146666468885
"5827_4",0.9825654656818281
"4752_1",0.035446506014082516
"8114_3",0.04169369494894937
"5643_7",0.9679350257993597
"9127_2",0.0831059481352868
"10540_10",0.05914127836738119
"7342_2",0.03442183065340496
"4651_4",0.1098774784096597
"8798_1",0.0361643274774709
"5973_3",0.06533102228684017
"8314_2",0.034567685197909315
"7856_1",0.03741098808304158
"1255_4",0.04869497654919727
"9615_8",0.1388518833452081
"7261_4",0.04226039152494726
"9700_9",0.9640313894505814
"5938_10",0.9899218619455126
"970_7",0.9284098359790647
"7715_8",0.9367990816573333
"4643_2",0.1381616936030043
"7069_1",0.058721625316235475
"8600_10",0.987121327566041
"10275_3",0.06796462693485439
"9519_1",0.039815838272586286
"8861_10",0.9842488938645131
"8558_4",0.0387158734757188
"7495_4",0.22292768989421077
"4727_10",0.8052355914777659
"9647_8",0.9055831131760196
"7192_3",0.7843761689784741
"8772_8",0.9885601968520451
"1198_4",0.0561456124740112
"4249_7",0.858416324101969
"6816_2",0.2850823376455003
"10243_9",0.9879236385426725
"8365_1",0.04063529007244907
"2529_10",0.9257563331360484
"2538_10",0.9706188964058575
"5946_1",0.05407081431520125
"6716_8",0.9694486007164153
"2633_7",0.9673850461034477
"10513_1",0.03989393187032415
"4847_1",0.7308091359765923
"2552_10",0.9722718300033989
"7166_9",0.9537020767252262
"398_8",0.9861630621761198
"6925_4",0.04576797369724414
"9873_9",0.9606598998967959
"3598_4",0.03996033338646906
"5996_3",0.03614841315948232
"4024_10",0.9827411329840875
"3184_10",0.9865479277571975
"3801_2",0.05812921610514883
"1722_10",0.9904277167799616
"9344_1",0.03799561074149514
"2874_2",0.037198721391835304
"2914_4",0.06712291635892281
"9643_3",0.037767818350845306
"1756_10",0.9648829507200518
"2781_1",0.03930456645540465
"3559_1",0.03410902457091766
"6250_1",0.04178943699119902
"10960_9",0.9857303518692604
"565_8",0.15475847449813268
"8749_9",0.07010130143408647
"11273_4",0.04319044979066331
"6933_4",0.08612675271581474
"7295_1",0.08022117150532278
"12267_1",0.0345236797700112
"9844_4",0.8408693971909861
"1949_3",0.20226474381550968
"10048_1",0.044334162710999464
"7242_2",0.026274174508835006
"1722_2",0.03630285467905125
"9869_1",0.336882373540509
"609_1",0.1496033296955824
"9383_7",0.07132877351697281
"6593_4",0.1633683980304888
"3284_10",0.9807620331178725
"6190_1",0.9112138568283227
"8305_10",0.9842803934775388
"20_1",0.06960578289762684
"10037_1",0.055248434003114806
"1751_10",0.9897162044900423
"6821_7",0.8761801034603349
"4780_10",0.7309026352378913
"1290_10",0.9870828349878831
"10777_2",0.036833920453949925
"3450_1",0.03529042442733689
"747_3",0.0405071084119445
"9262_10",0.9883642520165554
"7206_10",0.9876149145112422
"3700_4",0.2553186721932106
"2953_4",0.24045047435024763
"6828_8",0.8777510364060163
"10831_7",0.9855214026606428
"5014_1",0.0356041813021156
"11679_10",0.9611175479112763
"3476_9",0.19203407806179051
"12052_8",0.23631903254814624
"8635_3",0.041599505887279134
"6475_10",0.9345456602239871
"8531_2",0.04297414422506188
"9018_7",0.21794559323852059
"1492_9",0.9559324450880735
"10993_10",0.9873873551999582
"1896_2",0.03787307283424742
"8241_1",0.15563148711298
"3568_8",0.3041145023969034
"9424_9",0.9766113718412821
"3791_1",0.03625366845417014
"2117_10",0.9889737295845914
"4679_8",0.9906227922940166
"1217_7",0.9938520436414273
"7969_3",0.07374765767269761
"2271_10",0.9887844468002602
"5772_9",0.8893083638469705
"1347_8",0.99087105017667
"11800_1",0.03479674932647486
"8820_10",0.9871360543226855
"10014_7",0.7862870399479167
"9864_8",0.9166626072094629
"6926_4",0.04750510026564455
"1842_10",0.991195832839039
"756_7",0.7368441647735932
"7657_10",0.9851152657108238
"12416_7",0.971822109334856
"833_7",0.2222976337182198
"8746_10",0.9902342206453814
"6374_10",0.9735697170830063
"24_10",0.985564125290535
"5133_10",0.8072172439403902
"2937_1",0.17476627989759175
"9845_8",0.9646043551747989
"6236_7",0.6943005861190427
"8525_7",0.9608349875533583
"10398_10",0.9884620881082875
"6555_7",0.9607578848173943
"5873_3",0.9421551057052648
"12235_8",0.9076312755055728
"8972_2",0.03593746669275492
"6313_1",0.04059065691666339
"3277_1",0.07387238429441613
"9661_10",0.9186447017997506
"11759_4",0.0661665803329264
"7960_2",0.9369545323002431
"2710_7",0.9705939212988287
"3152_1",0.04717193561439348
"3186_8",0.9902556925077823
"6180_2",0.05716946566875967
"3303_1",0.0393857684772103
"250_1",0.1541968368127949
"8902_1",0.03567018324925054
"7964_9",0.9864442780438153
"78_1",0.03768173252758623
"9162_9",0.7621257593819775
"11868_8",0.9464536124295012
"8522_8",0.9408759890807158
"8517_8",0.935982972003908
"12341_4",0.10084170103933979
"3300_1",0.04363161947931969
"2961_10",0.98417808734913
"11309_10",0.8851970855624817
"381_10",0.9902516660943768
"6537_10",0.9675076976045958
"4623_10",0.8970073689213182
"12425_10",0.988027336579612
"817_7",0.9348729042346844
"1853_3",0.06654476920708499
"3586_10",0.9871689343756436
"6148_9",0.9742387550853483
"5020_10",0.9886518039021729
"6486_10",0.9872375936424478
"560_8",0.9882228412396823
"11210_3",0.8203532451893198
"4714_1",0.03447049177496853
"7175_7",0.2580741944076161
"10289_9",0.9486451215076683
"2497_2",0.07920864611077288
"6359_3",0.14829402734683456
"4905_3",0.039015142317482335
"4701_10",0.9861289025035705
"292_10",0.9880581443001852
"4010_9",0.975090486744342
"1591_2",0.963639731224853
"619_10",0.14173765886878562
"8563_1",0.03424088814633106
"488_4",0.07367260938888306
"3148_10",0.9856533226096675
"2046_4",0.0370412240427967
"11560_8",0.9547805570485005
"8694_7",0.9797239104602483
"11041_10",0.9618067761294985
"6159_8",0.9511272041101073
"10205_1",0.053566777606865915
"7840_9",0.9575335189814815
"3298_10",0.9883832126821648
"2854_7",0.9427989236077295
"3521_8",0.9778382929799665
"8317_2",0.037652256163466874
"10564_7",0.9765937270355933
"7951_3",0.17984273230763123
"9834_8",0.9598403149191982
"4809_9",0.9880232986277663
"4675_1",0.061546771020386457
"9493_10",0.8054743564236073
"7841_4",0.05245918229661438
"8076_10",0.18078383775705925
"3242_8",0.9880694049773392
"11666_3",0.06745780799237817
"9341_2",0.06224920707762318
"10384_1",0.03888878326690446
"1558_9",0.9877363088936927
"9790_10",0.8759515092636829
"12149_2",0.039403036450747546
"11533_4",0.03660383605740537
"4438_3",0.8861081168927671
"11177_4",0.03455155883407784
"8657_7",0.9626823870655785
"4485_4",0.8435052372995802
"1313_3",0.03903166667869228
"7383_10",0.9906460905724197
"11875_8",0.9912487728231985
"9838_7",0.962320847821325
"33_3",0.03888889910212958
"5747_1",0.04052103076769602
"1420_8",0.7817953426414986
"7292_9",0.9509970643185753
"5218_7",0.9726927521183035
"3359_9",0.9363488549136306
"10947_8",0.9895223643526774
"219_1",0.03663981662781935
"6374_3",0.03444988790708546
"9686_10",0.8891343214527326
"6757_10",0.83851615716955
"1003_8",0.9464438034455687
"9313_9",0.9799243091222619
"6175_10",0.98688703935005
"5391_7",0.9584268864811262
"1085_1",0.03625795081504921
"9054_1",0.04115142002270787
"8543_10",0.9864348749739086
"686_8",0.8667079328963923
"6959_3",0.04256416723123417
"11014_4",0.2858184820176055
"9204_8",0.9738853495021267
"9029_7",0.9486398406615073
"10441_9",0.989416359604034
"5245_10",0.9843477502311994
"1480_7",0.12772158208924894
"6426_3",0.04027859483180892
"1700_1",0.0410162305587867
"2783_10",0.8896029875791265
"6152_8",0.8964645057019099
"12282_10",0.9807080453758481
"2948_4",0.047317430690113516
"11974_2",0.03812316600896254
"5944_7",0.245532844820547
"9370_8",0.9579538756966175
"711_10",0.8151633873508951
"6169_8",0.9853488147127064
"12329_1",0.03526329160472845
"4904_1",0.041842531064136546
"2070_3",0.0378071953213777
"25_3",0.03580410868144009
"1819_4",0.03753074939245614
"8642_10",0.9673605202757107
"11504_10",0.8942010212676335
"10193_7",0.9938520436414273
"8917_4",0.04001487309957549
"9380_2",0.08497268299122157
"10048_8",0.9862553175310965
"7288_9",0.9451170540741642
"8128_4",0.04577953258103184
"7800_3",0.04462280060002807
"5852_1",0.03987418473766295
"8027_1",0.0425041606740898
"10317_1",0.03833475966938862
"10280_8",0.89026011818251
"3959_10",0.988635817940865
"6115_10",0.9872895369403666
"6078_8",0.9785760397033407
"12273_9",0.9605539934957861
"1497_10",0.9404687589125142
"2969_9",0.9910817076443572
"2577_1",0.03989563405756061
"4519_1",0.06372880041767098
"8596_4",0.8379121366909895
"254_3",0.043562723408122825
"7005_8",0.9767444621715745
"5426_10",0.9815120524924227
"965_9",0.16858215794240453
"2044_4",0.8972378861170877
"9006_3",0.06067157398723044
"11462_10",0.9644394290639688
"4990_7",0.037803661141559766
"163_7",0.18979715825620666
"3134_3",0.1190138827595798
"2922_4",0.7895261033648078
"5777_1",0.03542151648255941
"6340_7",0.9430049997145965
"7896_1",0.03607209421055645
"2321_8",0.9667532914837355
"2187_1",0.9124668337614146
"1831_9",0.9896154216552782
"9321_10",0.9807499886661984
"9970_10",0.9148781504268718
"2978_4",0.8736928483116551
"7491_3",0.03544368594762729
"2491_10",0.966834476728699
"749_1",0.03383869569248331
"4751_2",0.038612336535924247
"3276_1",0.03532905065735304
"10889_9",0.9903253908060432
"5887_1",0.0388671170842261
"8806_9",0.9800729923091982
"8569_2",0.03693154406161468
"3209_10",0.9856553252231834
"7139_10",0.9697512089928426
"5052_3",0.040438230408685986
"5773_3",0.03758294686645169
"1663_9",0.9892683109569768
"3575_7",0.07321303979911892
"12017_1",0.04260685767930807
"12460_8",0.9864051617998876
"7925_2",0.02586978457745053
"1643_10",0.9906516924616794
"4537_1",0.03492976498622062
"10651_3",0.03738467758138781
"12075_10",0.9866815016406275
"4823_1",0.05695712387154021
"5392_7",0.9580748788859454
"5436_9",0.9683409665960194
"3088_8",0.9762075122119603
"6607_9",0.9535238256033861
"7648_1",0.07453207842714829
"1073_8",0.9687983274078428
"4587_8",0.18498034660346496
"9463_10",0.9632318017910295
"11962_1",0.037849521958926755
"8718_4",0.0540535256014572
"7781_10",0.9730702950467008
"11495_2",0.0692233787796651
"2772_4",0.9191251218648981
"4029_1",0.03463937871294399
"2080_10",0.9372079727450858
"6250_9",0.9891528537505253
"2985_9",0.7189303623092794
"2935_7",0.8478247337855341
"7900_1",0.035224899625424855
"2433_8",0.9903432316193859
"12366_1",0.03536055559123353
"10910_2",0.05131899043141075
"5265_3",0.036816541338183295
"9603_10",0.9585556981933672
"11989_3",0.03551105882080096
"2929_4",0.1394220334157139
"1796_1",0.03911322189029711
"10659_2",0.9590421558356177
"4978_9",0.9611968013246859
"11823_8",0.9801681958323424
"1732_8",0.8298919898630986
"1103_4",0.0622584060936792
"8958_1",0.03458937645203045
"8607_4",0.8996490795076755
"5820_9",0.989895645268373
"8885_3",0.03861235640778441
"3718_10",0.97476971259688
"3822_1",0.03766103466107988
"9886_10",0.9898031408078474
"9806_10",0.8983207290939598
"10009_10",0.9854962593115565
"5979_2",0.035053739302426175
"11937_3",0.03843511239689914
"4776_8",0.9809157316516013
"9009_7",0.10332018504374212
"8094_7",0.9517815267654103
"828_3",0.09729233364605325
"3318_1",0.035329904335869515
"3558_4",0.07965906968345193
"7967_8",0.989140823595301
"5275_7",0.945889904664486
"5130_1",0.03548420493822352
"1327_9",0.8690164711313052
"11526_8",0.8661298167892496
"32_10",0.9894147968417341
"10697_1",0.03432878596966991
"9966_1",0.03717443709845993
"3132_1",0.07452286044361474
"967_2",0.03630859352692216
"6483_10",0.9868391469343563
"698_10",0.977086854417024
"7848_2",0.13439219860510973
"9349_1",0.04495646377707882
"10532_9",0.9805337515679601
"11819_2",0.049835299923085906
"6812_1",0.0352316506826616
"5401_1",0.03461936953488578
"3528_1",0.03438818504555942
"12239_1",0.033633012843324
"1479_4",0.0359474442485687
"2732_4",0.9142227494701358
"6806_10",0.9648289294462803
"2119_9",0.987323356314839
"8565_9",0.04983014132516755
"1914_8",0.9053783586492581
"4835_1",0.03920175069638793
"1029_2",0.03475193498227827
"9228_4",0.2015337399291848
"2391_2",0.0403542745221978
"9674_9",0.9777083800864581
"9404_9",0.23156508773866083
"5987_1",0.04093430588772171
"9237_8",0.9499250433350133
"9879_2",0.03727535364931715
"1370_10",0.0602680049585446
"10662_1",0.044787342855868745
"6937_7",0.1875392776248127
"6355_9",0.8285068998772643
"3784_4",0.1384832723367982
"9136_10",0.8732796258390763
"9557_4",0.06012286269501399
"12013_7",0.9802092961815123
"1114_4",0.03989864012009944
"6890_10",0.9864763034919444
"3238_8",0.9856334378301368
"1790_10",0.9885334434751754
"4277_8",0.9684142670549025
"2257_4",0.9543683104066759
"7677_10",0.98548855380235
"1618_4",0.045025032802077446
"7314_1",0.19430639184301057
"10332_1",0.03541765596185078
"7746_2",0.9603517197833467
"9303_3",0.03698559848222739
"12321_9",0.9435757371740414
"10341_2",0.04549463744435143
"7745_9",0.9822456845206539
"11104_7",0.9726460375940059
"10855_1",0.0400036058581288
"10300_1",0.041362438195703566
"2037_2",0.038194997233256395
"7754_9",0.987329529022462
"9503_10",0.9205472985065465
"396_7",0.9781076475400278
"583_2",0.06083152771033121
"4469_3",0.05553974925418251
"11038_1",0.04046690866498455
"2285_4",0.16802630002571095
"5069_8",0.055015673143464054
"8736_8",0.9687771936949179
"9486_3",0.045484376743599696
"11669_10",0.8232546430653435
"8598_1",0.037817170907945064
"1344_3",0.03785989704106248
"11789_3",0.034467373225623696
"9605_2",0.03987100844550595
"10122_2",0.0410115896378621
"3752_10",0.9417476090060335
"3864_4",0.0477711332757017
"10505_7",0.876108588091246
"3822_8",0.9433665611762707
"8146_4",0.07204608136711449
"11114_8",0.1277737474069611
"7847_2",0.05629380991436015
"10300_10",0.6917559692006734
"7021_10",0.9845740388609764
"8_9",0.048875151374997185
"7199_2",0.04616520872411082
"9392_9",0.18763673283792942
"8234_7",0.2603350698601546
"12328_7",0.9527495002129903
"9918_9",0.9373276679704643
"10066_7",0.147392369980921
"5482_2",0.14929149449890766
"6914_4",0.060179326600917765
"4665_7",0.09303023840271357
"613_4",0.12229899585226757
"577_8",0.2298452512521657
"12490_4",0.16355576695232987
"8637_3",0.7621047423106921
"11815_4",0.045566833524271995
"9490_10",0.9771459776652754
"4388_3",0.03469227745886523
"11778_10",0.9774376614404694
"4988_10",0.9864404016975662
"6590_3",0.884055756489948
"4761_7",0.9513010363398319
"8828_4",0.09572628908767755
"10382_3",0.03672676633221879
"3321_1",0.04082055582158349
"2550_10",0.9671765543025758
"12104_1",0.8859245862308636
"6431_1",0.035978431487367214
"8829_8",0.28961827018505676
"858_7",0.8751104656842733
"197_1",0.11208808203275332
"3599_7",0.7548279418168808
"10808_2",0.038546157988254136
"12050_4",0.04966938710128298
"6348_1",0.03590735301666917
"11051_8",0.981438326502588
"11216_4",0.06430290026373749
"8360_3",0.04156473984287028
"9570_2",0.04668676957730698
"8040_4",0.1798937226061895
"3664_8",0.9906023834969844
"10003_8",0.9888801469330322
"3763_7",0.9530851566195258
"9692_9",0.11645096143337413
"4503_1",0.035844428792416276
"10985_2",0.20206877366017292
"121_4",0.05005520543763752
"5651_10",0.9525216158838089
"9416_3",0.03404498500203999
"9128_8",0.8592817969242819
"8955_8",0.9818630311031828
"8787_4",0.06338183043178375
"1622_9",0.8019071352626936
"762_3",0.04552269955497093
"6915_2",0.038296235492674024
"8998_4",0.042241294159370814
"8200_10",0.22328613583422313
"1878_8",0.9809404173309542
"5969_10",0.9437209695567441
"8000_3",0.04626975860545193
"8161_10",0.9904884642742778
"9805_4",0.03862963626177937
"3815_10",0.7471436470441585
"3783_3",0.11406150118597141
"4924_10",0.9686229275377195
"7952_1",0.039299894898409675
"4060_8",0.8917463720618141
"775_1",0.03789847234350269
"696_10",0.9908943396904392
"8751_10",0.13774468562671224
"6073_10",0.9658369891106786
"9982_1",0.03587098817982439
"3706_10",0.9230362044622351
"5996_8",0.1244506148954472
"3107_10",0.9886829632081479
"8913_8",0.7035087608213095
"8982_9",0.9852304737224729
"8938_3",0.21832684415793802
"3008_3",0.03368104191460441
"3787_2",0.03741901026409715
"6146_9",0.8330644350956672
"5664_1",0.03874375594713316
"2408_3",0.047476663655807674
"6153_2",0.036455343889114436
"7023_7",0.9633812484401973
"2571_3",0.03405892114928683
"6808_4",0.039788935820421624
"6425_9",0.9915709061312803
"11139_4",0.053669501376639964
"320_7",0.7717091379910288
"3098_1",0.03447569770830505
"5369_10",0.8891111324021265
"480_3",0.04029822160748171
"7884_9",0.942732772235551
"5247_1",0.03456991573059972
"3192_2",0.041230507147951685
"12127_1",0.03620668378792703
"1237_7",0.9682632791215193
"612_3",0.6554395505754852
"6016_7",0.7419159546868194
"10490_1",0.038058162965471085
"5180_8",0.9838072127640265
"3122_4",0.09637706636050193
"2845_8",0.9787571373026032
"9000_8",0.9871119999409099
"448_2",0.09520669703622738
"1207_10",0.9800535565681016
"11989_8",0.9833087314625143
"11102_9",0.9738129025978459
"1761_1",0.2585315492949454
"9815_3",0.05056643451065337
"12023_1",0.11645354444389122
"9901_10",0.9893230043682043
"11740_2",0.06997493300761128
"4702_10",0.9286523683359531
"4885_3",0.04231329900015604
"0_2",0.04288740599137165
"2273_2",0.03612456992467681
"11340_8",0.873371877109031
"12012_4",0.23986801925173196
"10534_10",0.9659167801116924
"8424_2",0.04143471823048318
"8716_3",0.039847197811638674
"7154_10",0.9834319159683038
"5001_1",0.042716074353507244
"6511_3",0.06767902143797136
"3308_7",0.8943672218252576
"2720_2",0.040330605766571256
"1183_10",0.9737385296768195
"12387_2",0.034947329758514084
"6580_2",0.04407903169340088
"4431_9",0.9863501235599796
"11828_7",0.8370809620108892
"6737_10",0.9871090699491313
"7505_4",0.04094792281705355
"4798_2",0.14055512498323097
"4773_1",0.04633179190981489
"6719_3",0.040110891712170714
"6475_3",0.09114896891489002
"11733_3",0.056294713716154327
"9360_7",0.9579148920657767
"5571_1",0.032675203164953315
"10316_10",0.9701821026427208
"5068_3",0.037691800811071416
"11188_8",0.16737184445109807
"7291_3",0.7268355534874857
"6233_3",0.051494986456351935
"11710_1",0.08436559325687176
"3780_7",0.7013490352614286
"3210_10",0.9879712409915132
"2885_3",0.03971340800701402
"2912_4",0.09439687568648679
"3320_4",0.03766208222514439
"11275_4",0.06289638927070752
"8406_1",0.039349370692294265
"8275_10",0.934389605438166
"4862_9",0.985227862783439
"11817_2",0.061730130458662005
"302_10",0.9827605321400645
"11341_1",0.23566419182308374
"4626_1",0.03420571638861092
"1030_2",0.04438493140491336
"4799_8",0.9761393048286547
"4845_1",0.03590134651300157
"3458_1",0.03475815507878005
"9535_9",0.9628002831716521
"6553_10",0.790788875780694
"486_4",0.04097208530058571
"11162_7",0.9859504144696678
"7689_7",0.22845726703688896
"12058_1",0.035208269224696886
"3740_1",0.040745378484791685
"11656_8",0.08931263183696328
"9795_1",0.03811830831998377
"1947_1",0.034370586717313086
"1468_1",0.05178218930067737
"4158_10",0.8910454461667449
"5876_1",0.1556511898916652
"12084_4",0.06085647246913565
"5434_7",0.15711128626473167
"7984_9",0.9140667139376619
"2217_8",0.9260681803280739
"2300_4",0.0505017259371476
"8707_7",0.13933267822443285
"3345_10",0.9901944306808919
"7375_8",0.9843614969751491
"1150_2",0.038727999557594144
"8557_10",0.9865878897662146
"5590_8",0.9866936367004588
"5270_1",0.10271930917629558
"10339_4",0.262557693884791
"6789_3",0.12781979605822846
"4289_1",0.17575030236765962
"693_4",0.10284480298625061
"326_1",0.9708234495015368
"9786_8",0.9658399733363532
"6610_10",0.9906559044418642
"11350_9",0.9901134688567048
"10907_1",0.17079145713957647
"3285_8",0.8022144420073796
"10964_4",0.03513890082362816
"5411_1",0.04350368423554926
"6188_10",0.9881821015784906
"7110_3",0.03668469122650304
"7355_8",0.8346431985893862
"12116_1",0.06793232003565532
"1187_1",0.03443810833341484
"12167_7",0.8896057888827369
"5530_9",0.9524352874608868
"2829_10",0.057935062063308396
"9549_4",0.03446351237576933
"8805_10",0.9341434874210213
"10265_3",0.05727717633980617
"5227_3",0.03505919882304492
"8693_10",0.7037120354327552
"6331_10",0.9705056393922709
"9079_4",0.03855638608919038
"7200_1",0.03986882625252586
"9322_10",0.9892081898946852
"2899_4",0.03437805464394239
"6478_10",0.9513100466266052
"4659_1",0.038254183240036
"6755_1",0.03915622829588749
"10385_10",0.9576107074137157
"11861_1",0.02782789828780001
"5483_10",0.988460130599287
"4012_10",0.9865346414094063
"7146_9",0.981201601228916
"3782_9",0.9748498111785582
"12181_4",0.03669891574648981
"10663_10",0.9803478301441684
"4712_1",0.04386967603050604
"11071_10",0.9231417477780153
"11171_3",0.037801434130222966
"9043_10",0.9865590609802191
"9912_10",0.19996333797613197
"7306_9",0.9839381502062772
"12382_9",0.9624541118952651
"11654_9",0.9773763117099599
"8848_1",0.034100353796484205
"4076_3",0.05041243919788888
"8248_3",0.22805369486969582
"10011_1",0.0412753373634014
"11769_1",0.04438998129412995
"4164_9",0.9893659612732569
"1831_1",0.03497198528160822
"4164_1",0.03832632569328567
"318_3",0.07177888207389786
"7221_10",0.9840406207929778
"10912_8",0.9734615957421024
"1321_4",0.3190369200042217
"7712_7",0.9793151340903663
"2680_4",0.04599063649317302
"8374_1",0.03539411331991269
"995_7",0.9759366893429929
"2009_1",0.03752228430523939
"3905_9",0.9634539967365079
"3348_3",0.054334766103183045
"6466_1",0.03723627677555828
"11900_10",0.9875780434640431
"1634_7",0.12233891876998924
"8245_4",0.05217380290522114
"8561_1",0.037756915676354856
"2072_2",0.03380139310057398
"12060_10",0.9864354541483695
"8178_3",0.13092682753998833
"8778_1",0.03766623662846607
"10489_8",0.9895566707807382
"10118_8",0.9903037587484383
"3470_8",0.9845485680285715
"8014_4",0.7852114039140432
"582_10",0.9816599933919266
"8984_8",0.8879601938810161
"9085_8",0.8272693327407901
"8894_2",0.10961614464395192
"3762_2",0.037791306803349044
"3815_2",0.034236803777216544
"5903_9",0.970154366404332
"8907_10",0.9585742972768982
"6140_7",0.9586472497387646
"9279_4",0.2884750306360975
"2948_9",0.9901695287686755
"10588_10",0.9826874358284459
"8239_1",0.053729881164402915
"6986_2",0.0343959476112247
"5308_3",0.03729991345589265
"11984_8",0.9500852774869382
"9984_4",0.06717714986408764
"11803_8",0.986151687132691
"2925_10",0.9850900246617944
"11396_10",0.7001881893986271
"8998_7",0.962143451505669
"4511_7",0.9890816521986221
"5780_2",0.05185988880260721
"9838_4",0.04165168781551966
"422_10",0.9546152980636466
"11389_10",0.9847018083866736
"8511_3",0.19850121579108507
"2089_10",0.9855858316169094
"5818_3",0.050431659793376785
"566_9",0.919227082299685
"452_10",0.9938441076208283
"4451_9",0.934297132410463
"6105_1",0.042153456770253686
"2158_10",0.04868774580453554
"10395_2",0.07090771236288748
"11291_3",0.03536946528829493
"2408_8",0.9642155602249736
"3698_9",0.10190785613077591
"6060_2",0.0353921711231532
"9509_10",0.9840632300073405
"7136_10",0.9844957707786439
"5557_10",0.9882324874423338
"7155_2",0.035765680245607445
"11421_10",0.9793081759631495
"3620_4",0.9650747296504547
"2176_4",0.3017777687839711
"8970_1",0.05435849838956354
"11186_10",0.9862982005292518
"9604_3",0.05469704736452697
"6047_10",0.93116535557756
"4487_9",0.9086041259888775
"11880_3",0.0426013301200726
"2650_2",0.07642705409555671
"5279_1",0.035192207292151625
"9289_1",0.03742355688596323
"11673_10",0.9676027612403134
"6890_2",0.050151414833985726
"2668_10",0.9818011836907276
"942_1",0.034110578855770825
"264_1",0.04336649149218512
"10157_1",0.041040990782010046
"791_10",0.9393389465615016
"11434_9",0.9825598589485905
"5630_2",0.08828406574145303
"9392_1",0.040739827261613355
"12471_3",0.23066487553618426
"8593_9",0.12167772484413808
"10333_10",0.9770443599633365
"9146_8",0.9138248684475655
"5404_7",0.9872976050671607
"7662_9",0.9794115859818955
"11068_1",0.038619555919360296
"4460_2",0.06371454334570506
"5002_10",0.9707648042598
"9269_9",0.9733740250532243
"1639_10",0.984579964730113
"9045_1",0.2043068455121708
"9944_8",0.7971355365513164
"4091_4",0.0717699053101861
"6889_4",0.062330554021055105
"71_9",0.9913536139629118
"10173_8",0.9824598158560484
"2513_8",0.9743613289611813
"7507_1",0.035520277197313675
"1235_2",0.045454023758637954
"3325_1",0.06138325716622136
"4146_7",0.04663390479418287
"7286_8",0.8792921820300538
"4096_1",0.03509508741903573
"3897_7",0.990175535240382
"11240_10",0.9863040723444352
"4109_1",0.035282150301220186
"9566_4",0.11931357101727864
"2038_8",0.9709573940932529
"6985_7",0.9697670731490468
"6967_9",0.9836996751780787
"11020_10",0.980363950251034
"3291_1",0.07002138012049974
"9763_3",0.05411530497345833
"1943_7",0.1308491386516509
"7599_7",0.9684682579438396
"8158_8",0.9892755998720614
"4140_3",0.03731790975947778
"11840_2",0.036208733303624244
"9675_1",0.03832816866795444
"10878_1",0.029011455175279567
"10760_1",0.05023011412129319
"260_1",0.03426315816548767
"8188_10",0.9221203428692322
"3260_1",0.04002703629854668
"6172_9",0.94347980529722
"10021_3",0.04218296112646541
"7784_10",0.9906895983382108
"4066_1",0.806891947626639
"12325_10",0.9112336018184356
"9894_8",0.9579625489017702
"1242_1",0.03562730845108836
"2059_1",0.04460357180043047
"10686_7",0.9893196330796983
"8110_2",0.04543121918205301
"8398_7",0.9465762714707617
"6096_9",0.15708154327538765
"9422_3",0.08450194243877775
"2919_4",0.9844294934198755
"10248_1",0.04995300651886249
"7480_1",0.04345676370108502
"3248_8",0.9880004776819673
"10264_2",0.04005127678531464
"7401_10",0.054812848038124785
"10528_1",0.03788581896334553
"7623_8",0.05412782601130777
"3968_2",0.06784542462186982
"10918_4",0.03730101644496807
"5146_7",0.9837363699582684
"12466_4",0.03536354943110176
"10395_10",0.04423936724717208
"3862_8",0.9878613020279083
"2247_1",0.06640025763567774
"2979_9",0.9895992802515196
"3271_9",0.9700937129457959
"5225_1",0.036549299223463894
"5662_1",0.07410645048765478
"12087_3",0.06088648924720175
"10765_10",0.9904436319413356
"1256_4",0.07437164108416874
"2057_1",0.035655890708602554
"2610_7",0.9187830641942046
"2065_2",0.03615306422859833
"4410_3",0.9047762366490927
"6847_10",0.9891644272262147
"1927_1",0.06331249094919766
"4201_9",0.9607651035002946
"2578_8",0.988736339801685
"74_10",0.9881344920747717
"8324_10",0.987926291289018
"4762_8",0.30694501643588484
"10612_3",0.04160021718917231
"11353_10",0.2503130245258003
"10709_8",0.9796233660694856
"3978_7",0.9593436132479174
"954_4",0.062066167171187576
"2493_10",0.9429727870013157
"8293_7",0.9849096868284264
"9454_1",0.1851928765022524
"8982_1",0.04470064246151083
"5201_3",0.6892596931623493
"9758_1",0.03818832293901723
"5999_8",0.9318448250250497
"11000_1",0.03424910028358048
"647_1",0.045651060402005665
"7345_9",0.9846359573310408
"5105_3",0.0679531824756481
"9488_4",0.038302559617343614
"11810_10",0.9862227488652933
"5343_8",0.9359033108651662
"1671_7",0.9847739689801873
"6414_2",0.07398118991457274
"3749_8",0.9435606082381471
"2310_2",0.03509619421067617
"8460_2",0.036788435306893394
"12305_1",0.02915276521286181
"11672_1",0.03501881346762081
"11726_10",0.9862514886602235
"11659_2",0.15915403577694395
"8684_2",0.041689019273359745
"6546_10",0.9616102230001043
"1980_8",0.9041570016057459
"3113_10",0.9844801963761544
"8440_1",0.04109090303209372
"7473_7",0.9870271344788105
"726_7",0.9224683895291673
"11165_10",0.9856619949432084
"9830_2",0.04609979648293113
"6409_10",0.9684906145811855
"11455_3",0.07160366817047423
"993_3",0.04184312153211439
"3186_1",0.042833700598485694
"11631_4",0.040552963932172725
"3225_1",0.03810911110166109
"4442_1",0.04049480014065459
"6775_9",0.9276977551169792
"230_7",0.08664753119042767
"5971_4",0.8688926757179394
"763_10",0.9885209234193719
"9943_10",0.9891969754094093
"10098_9",0.9626303085977241
"7219_10",0.91037196479757
"6348_8",0.8216301200259779
"5774_10",0.988915156106128
"1842_4",0.06869908733537027
"3544_8",0.9224521245468438
"5661_10",0.8532041762566993
"8698_1",0.04066147642630605
"7576_1",0.06284583436673258
"584_3",0.06656087302822299
"9963_8",0.9472627717984278
"11653_8",0.9842019701256312
"4269_1",0.03417682745251908
"728_1",0.036376205124968544
"7118_2",0.03593823996606154
"6305_4",0.7525970016957688
"5970_4",0.0643097423822934
"4729_1",0.03549709387330182
"7638_10",0.9080571729696197
"2709_10",0.9642857240262966
"1461_7",0.928684185857571
"5302_10",0.9538418578036328
"3589_10",0.9904059952185532
"3897_4",0.1695922540208445
"9883_1",0.04380737777958613
"9903_4",0.04047281373440795
"9789_1",0.039543428911573655
"2971_4",0.04209320084252697
"5015_7",0.9808853600619577
"9215_1",0.04701856044225915
"8553_2",0.09099349151283345
"5671_3",0.03644972523393546
"748_7",0.8450783026372692
"8222_10",0.859387316747593
"9336_3",0.9062972541801082
"1585_1",0.046745561313554625
"10634_8",0.9383059757298196
"4549_8",0.9894475125320383
"7014_10",0.9776305567229602
"2412_10",0.9861724210550089
"5779_10",0.8444665817592085
"11949_4",0.12465444916749815
"6879_8",0.9869717467774367
"4432_2",0.07137373236479624
"5825_10",0.9773170480580018
"10422_9",0.9155061179901388
"4575_10",0.9850670259276534
"11520_1",0.03611127333704191
"6612_1",0.12253910088806654
"4206_7",0.9563937418920728
"1611_10",0.9703324060599214
"8170_10",0.9906371914295575
"96_1",0.03525491772544031
"715_10",0.9760275089553097
"10032_8",0.981883295894719
"2585_1",0.038272548938819095
"7477_3",0.1477894328388218
"2778_10",0.988470571518293
"6807_1",0.954548805220135
"6378_1",0.04826630451606342
"1752_10",0.9877455556102424
"2305_8",0.9782507298073911
"7423_3",0.03839349642128489
"496_9",0.9869931257029284
"10829_1",0.03471645339009964
"7012_9",0.9386199802798285
"7701_7",0.976545925808341
"6858_8",0.9940496600098229
"2723_4",0.0846903271507797
"5720_1",0.04154922297306679
"1531_9",0.9465089037295317
"3052_8",0.9669335436866019
"2728_7",0.9764524669892309
"2275_4",0.03640151380510603
"11211_1",0.08492545315083738
"4603_3",0.8229400469634229
"2273_9",0.9911002451103125
"11662_2",0.040663877215128146
"4887_3",0.04226493069435541
"8155_9",0.9819962173114263
"2373_4",0.08785039186443108
"1754_1",0.03727593990788471
"12247_9",0.9855083701782429
"10327_1",0.034594730667742976
"8968_3",0.05389732420945582
"370_8",0.9827509430928042
"559_10",0.9797389919765894
"8273_3",0.03957126896042687
"8125_2",0.046269618542845274
"8666_9",0.971631565967938
"4827_7",0.8143440715405851
"9737_10",0.985406536606191
"5604_8",0.9557240665334252
"8331_10",0.9691203260918289
"886_2",0.04112720514496669
"4413_7",0.9184574841780484
"4116_7",0.9772606123217051
"3675_1",0.13364866345693466
"496_3",0.2186080839463341
"8837_4",0.09692776770718015
"3099_2",0.14217653239337816
"5518_4",0.9292199595202287
"6953_9",0.9896990655642103
"1240_9",0.7199366507664038
"8614_1",0.04155409077555727
"1628_8",0.1811048789958192
"1673_3",0.06875223405876428
"10806_8",0.9881762489284672
"780_9",0.9797192438918912
"6957_8",0.982769757603686
"10903_8",0.9841836445441583
"9908_7",0.19448795756160167
"4696_9",0.9893850547110841
"3816_7",0.9411049518787953
"489_9",0.9878229120807276
"2254_1",0.11565297127917024
"122_8",0.8729421158141387
"3171_8",0.9515575230386598
"54_3",0.07570341414725393
"8826_4",0.16124531198352843
"7686_1",0.03610414253321472
"10875_3",0.03583490732086797
"4858_10",0.8110701341046654
"1268_8",0.9251087117558916
"3497_10",0.882301910367319
"6527_1",0.04165525825828075
"1345_9",0.9470608693807192
"10092_4",0.04485776594313677
"11571_9",0.9877169165693036
"2899_10",0.9885376579972975
"5381_10",0.9832103726156405
"8722_1",0.03729972958558125
"10521_10",0.9647573659521098
"296_9",0.9867678866628776
"6184_1",0.04275437131495903
"6657_10",0.9813551596659802
"5972_9",0.9494398439302529
"8599_7",0.1782954257790704
"6125_1",0.09176179757966543
"5834_2",0.24185404029273372
"12479_9",0.9771303338153312
"3253_2",0.042013884125943084
"4986_9",0.9725442374784844
"6439_7",0.9812438426698967
"9659_8",0.9878870737149628
"3375_3",0.0379271458365836
"3155_10",0.966630839960975
"3478_9",0.847016009672185
"6251_1",0.03442409176655323
"6281_1",0.02544224043243069
"4669_8",0.9601035113035126
"2843_2",0.035887549992920854
"8137_8",0.9719096035118975
"9390_10",0.964124741255542
"11401_3",0.04134854447453785
"1455_4",0.19164599173423386
"8418_9",0.9837394089477389
"7064_4",0.24090116617053495
"7467_4",0.07826597672778948
"12492_10",0.992222927740371
"1969_4",0.10855038693218705
"5388_8",0.8523379547120624
"3287_2",0.04174178832317736
"3493_1",0.056745939817332045
"11682_8",0.9069220678014065
"7860_3",0.21930070330968715
"5507_4",0.04441241705754021
"11741_10",0.9652364851536217
"8041_8",0.9812422677826185
"3525_7",0.9665641976559911
"12256_9",0.9536091950384751
"1559_10",0.9896040318615106
"5477_9",0.9820070727455439
"736_2",0.038796035355810395
"29_10",0.9882470180064638
"12257_7",0.957692692909567
"11184_3",0.16040736819583581
"5323_4",0.036253009326732366
"11315_3",0.9840059182129535
"1400_4",0.07669006406493546
"7978_3",0.03753040785959377
"6543_10",0.9223097506074887
"2120_10",0.9824805132265233
"3033_10",0.9875207362038682
"4096_7",0.9851619093294395
"10945_1",0.04539379931848625
"10726_7",0.9789652413693841
"10568_10",0.9900329962916667
"8966_8",0.9894086690619611
"12274_4",0.03840241773291801
"10560_4",0.0631860609418727
"12352_8",0.9734307664849031
"5860_1",0.037301153079977105
"11828_1",0.03558546621422449
"10752_7",0.9565816161666005
"6501_4",0.04231081849514527
"561_1",0.03928888980999015
"6796_1",0.03812213224647246
"2626_4",0.8859804736220237
"9089_3",0.036607090414517846
"10921_10",0.9881517218755087
"6969_10",0.9797393644749633
"1039_1",0.04007160258509056
"9561_2",0.03921989365270308
"2651_10",0.9836123987296366
"8929_7",0.7315294339177177
"6434_2",0.05533191297500715
"3954_1",0.026014217472014187
"12408_10",0.9006909053923388
"9230_8",0.9837919039273938
"6626_1",0.044671451046728726
"1913_2",0.05342611269310709
"9277_10",0.9868954547992255
"8177_8",0.9306794681340606
"7174_2",0.9140092430125366
"10000_7",0.9864375146165769
"849_1",0.04123588596056744
"9768_1",0.042372354151166115
"2852_7",0.9732991572437132
"7872_10",0.9896466075773209
"7331_7",0.9751311454590366
"9716_8",0.8995794442765921
"5672_1",0.10229981738396239
"11305_7",0.8636127971751706
"4750_2",0.05412915850128601
"3606_7",0.97328676636438
"10329_1",0.03407514630751579
"4407_8",0.9812772063730387
"4298_8",0.9791965417626719
"1526_3",0.11423290983641969
"1177_8",0.9109441594264075
"8366_3",0.038384209694807006
"1848_9",0.9860350854297242
"9689_1",0.03515980461610207
"4883_7",0.9285906941332465
"10485_10",0.9895834204546741
"10851_9",0.8711061185656287
"1550_7",0.9865813916216145
"5088_7",0.9833951844693825
"7420_7",0.9831112390706438
"8306_4",0.07445102260315817
"7474_9",0.9478505379489517
"5297_10",0.9890182600543839
"9105_1",0.05505864081487993
"4806_8",0.9672156309983316
"11659_10",0.9725989586687525
"5491_4",0.9471982217560112
"4175_1",0.03602167708694719
"8726_1",0.034681724037125286
"9049_4",0.03642519112470861
"3266_10",0.9463785711774474
"1396_1",0.041340924394340645
"8364_4",0.9640929244558668
"3945_2",0.03606230411581584
"196_4",0.047528321138687
"279_1",0.03532972546309091
"12203_2",0.0373326532365439
"8613_8",0.9659915742777819
"3839_10",0.9945359881625664
"2780_7",0.05097719549437223
"10493_10",0.9849073629390793
"6866_9",0.9889730468305713
"4044_10",0.9862070566660533
"2435_1",0.03458473257558963
"1976_4",0.8894347816042357
"8649_3",0.05441167991582755
"7299_1",0.034674198457817246
"6018_2",0.03464357945131506
"9729_8",0.9887905110571817
"3154_10",0.9364055816998341
"950_1",0.038893887307889535
"1409_4",0.043144147309971716
"5175_10",0.9905279090190415
"9722_4",0.04530556471880646
"4077_2",0.039249954201881244
"7067_1",0.03694233866246378
"10984_10",0.9879299147520726
"7117_1",0.036960045126701764
"2121_10",0.9904492473761803
"1386_10",0.9855298483327789
"12236_10",0.9542715370023204
"11844_1",0.03809066725236733
"8085_9",0.9050794966409627
"333_3",0.0473110064144509
"6522_3",0.08267984011722998
"249_7",0.9759122763234263
"1199_1",0.0344097793635736
"499_8",0.9338578169386798
"10033_1",0.036347689627809265
"7699_9",0.9867004292557295
"4829_7",0.1492905119470182
"665_1",0.037708936563816284
"6743_8",0.9101105383916926
"10153_10",0.88841484822055
"4757_2",0.04358386427309377
"6942_10",0.9805795059296512
"3895_7",0.8216480646455313
"11128_1",0.08245431275150475
"4404_3",0.041108260626780406
"10811_1",0.03679068214106705
"1165_7",0.9693887742492816
"10907_8",0.9798354067200709
"1859_10",0.9822044709703438
"5836_10",0.9323846946732657
"10158_2",0.06085120527264529
"899_3",0.06882277619236388
"8631_1",0.825319928906381
"7153_8",0.9568631236620333
"847_2",0.03791812794172788
"4418_10",0.9857475893750907
"12320_10",0.9908085293374175
"11242_8",0.9007067247900538
"7046_7",0.981771986570906
"1819_10",0.9841569119679193
"1651_10",0.9767684596033779
"8280_10",0.9883079660573664
"2062_9",0.9913716054450826
"4781_8",0.9832104653447034
"10314_1",0.03879915778349552
"1934_1",0.035034640257873007
"12230_7",0.9186682070215808
"6689_9",0.9893899340614042
"987_4",0.03899053561009979
"9881_2",0.045318685847131265
"4571_7",0.8802661884260786
"569_4",0.0477728233608441
"11392_3",0.8446541493791657
"10716_2",0.03752212803458572
"7643_3",0.14355087193087754
"7429_8",0.9846146019021622
"11315_7",0.27693570205689183
"3097_9",0.8166700162670479
"10398_1",0.04030790121349376
"6299_8",0.9304489931266404
"5951_2",0.038133597512304745
"8930_8",0.970586577440784
"1852_4",0.036014956873717745
"2857_7",0.929448770297826
"4544_9",0.12022211534154617
"9492_10",0.061881381519563766
"1947_8",0.9774753279886907
"9178_2",0.051839991277935975
"6290_3",0.03698598515718944
"6313_8",0.9846646949186344
"6975_8",0.8395835990120617
"12258_10",0.9879218101130476
"3970_10",0.9807022670404425
"8096_7",0.23568981672097997
"10872_3",0.0354723380605161
"3660_1",0.13091005097762812
"7958_10",0.9581184370222398
"652_1",0.035028468212979925
"10331_1",0.034488338494693495
"2368_4",0.03776873354296168
"12367_1",0.034501884721021496
"12125_3",0.06769020972756115
"5785_8",0.8504684087031693
"5213_10",0.9180606958658427
"6334_8",0.9891064485088287
"8005_4",0.05423523118772229
"8405_7",0.9299257155947188
"4629_2",0.039425609660353265
"9342_8",0.9124638424958096
"11634_3",0.04428087696829332
"2878_2",0.061091936351943835
"6195_1",0.04689146299293132
"6994_8",0.9816195562705173
"12170_3",0.04202984955991759
"7384_1",0.03599051985927849
"1047_8",0.9796345352183227
"669_2",0.03976982936769923
"2976_1",0.11846822419511602
"4718_1",0.03830478849774342
"1203_1",0.03527353716114385
"9113_10",0.9905661549950642
"2928_1",0.13659203043508925
"10734_8",0.9145057115962878
"6469_7",0.8748680436858731
"2896_3",0.05856700576121183
"12061_8",0.9885284793146176
"240_9",0.9863776628613236
"8580_1",0.057315134941372387
"1961_1",0.9164756751653536
"6145_1",0.0352921346302292
"11028_4",0.24837114892233314
"7664_1",0.03435306119872803
"3022_1",0.12162020209666835
"7893_8",0.8502697255210441
"1149_8",0.9857136530168155
"8301_8",0.8680779743443268
"8210_10",0.9843962345610644
"9949_8",0.9450753215048316
"2961_4",0.0398359695821383
"9796_10",0.9865272278671069
"4397_7",0.9873906810700198
"2936_3",0.22145268882818134
"11382_10",0.9780934710024549
"11671_1",0.046722097215976685
"10864_1",0.03597610278130025
"11253_4",0.03891009310721196
"4692_3",0.17331848572209224
"11905_2",0.04845493347425465
"12066_1",0.20169322019360997
"789_8",0.8296648117148899
"7700_8",0.8334204934413751
"7697_7",0.21618038716466134
"8628_4",0.04260617079691813
"5719_2",0.03907559515764777
"4761_2",0.044805000667577415
"8777_1",0.03797117055875286
"3525_1",0.04503812185967607
"11990_4",0.0949755720806629
"432_10",0.9687272434716893
"4115_3",0.036635706565205116
"10888_10",0.9677141854075089
"6995_2",0.8414644493757023
"11910_10",0.8948139109071468
"8895_1",0.03852889738525671
"12149_10",0.9694449400295757
"11782_8",0.13384404077714337
"12139_7",0.1287901607799786
"380_2",0.14927928284131442
"5242_10",0.8539171792207793
"3542_9",0.9816244850781716
"6821_1",0.09759768297608731
"6931_1",0.04325409462552384
"5958_9",0.9578247634406615
"5332_2",0.03604126095911953
"2630_2",0.0362245104289386
"6387_7",0.8793477213814893
"7899_8",0.9683648353639898
"11017_3",0.03926405786159187
"11800_10",0.9765883943033234
"10926_10",0.9577991341856971
"9866_10",0.977412786437577
"3203_2",0.05332267758232464
"11276_4",0.21688216704135904
"8342_2",0.806496057138955
"6167_10",0.9101564069381707
"36_3",0.037080120117045125
"3340_1",0.040546752148915385
"3997_9",0.9899430482281435
"2627_10",0.9903528736395724
"4204_1",0.034359898738603935
"1018_4",0.8788975566049
"10951_1",0.0342406177960576
"5315_4",0.11900546038510672
"6301_7",0.9481981920145675
"12038_10",0.9859262900415705
"3164_10",0.7871960640881654
"10989_8",0.9513999609870311
"2449_9",0.9793793889245948
"4375_1",0.03676183372600177
"7037_3",0.0552449147627742
"33_7",0.9211317827517829
"7457_10",0.984909835360994
"2082_3",0.05201611053665045
"1316_10",0.9856586011822468
"9097_3",0.8432613535824652
"5804_10",0.9847725246488533
"9411_1",0.03744169067884567
"118_10",0.984497529908207
"560_3",0.07550216975043647
"8914_9",0.8925188400323747
"2745_4",0.08671734153697573
"2607_1",0.05884366069885526
"4405_4",0.8451488841946118
"10451_1",0.03812735453560552
"1887_7",0.9159839974177686
"725_2",0.11824769257342013
"5118_4",0.03734306632336831
"9536_1",0.03435753673842137
"127_3",0.03972684935478377
"2833_8",0.9818803847191675
"131_7",0.9805941164088563
"7789_10",0.980066855093319
"6294_7",0.9634099053483789
"3872_4",0.061070967561428754
"5454_7",0.9808998588599063
"11162_1",0.03660983645414393
"1685_1",0.035097961854926085
"8352_2",0.042873338240756786
"5003_1",0.038015779604286155
"262_9",0.9337117109249886
"8233_8",0.9188793157554763
"1814_10",0.986356643891569
"1967_10",0.1118085013765062
"7545_10",0.9384639708708231
"12386_2",0.04352106814924801
"9531_9",0.9826398038715348
"3013_1",0.052964996116078855
"6835_10",0.987218809442066
"1279_3",0.9048293078833727
"2411_1",0.036670897169566403
"9537_1",0.027867340563759856
"3446_10",0.9826768754856753
"656_4",0.038926331483342284
"7085_1",0.03599440240048968
"8355_1",0.04137348783928049
"1869_3",0.12345832043431024
"2317_2",0.03942106084850214
"11228_4",0.10892163027912206
"3987_8",0.9886711412738829
"509_3",0.0347997341459886
"5168_8",0.9866679001780544
"9267_10",0.991047219155735
"912_10",0.9749324971806831
"10275_9",0.9034069794718913
"2855_10",0.872960212915797
"6079_4",0.06613734086297546
"2728_1",0.034003810482377245
"9895_4",0.07182993180234955
"8230_7",0.9676756746806457
"5152_4",0.6696597798835084
"4137_8",0.9878672833304967
"919_10",0.9718984758648948
"1481_1",0.04650368325863371
"2468_1",0.03753361756433311
"383_1",0.0381491993880407
"11552_4",0.054017272479429466
"856_7",0.9605806973304414
"9047_1",0.0375227073608823
"2300_9",0.17980503797752223
"1346_7",0.9658254066808342
"6316_4",0.05840958092570127
"7983_10",0.9756326964896413
"9685_10",0.18992080231456784
"2745_10",0.15907803220393849
"8149_1",0.09435377310166718
"9478_1",0.03928327088187803
"3126_3",0.06511614856239455
"11629_10",0.9550949986276389
"5858_8",0.9679303040760305
"200_8",0.9895416759809812
"7721_4",0.08036962307681132
"12334_8",0.9542729324819652
"9582_4",0.041174396298331375
"5696_9",0.18202053660858417
"3823_3",0.3115644380575835
"11571_4",0.8695709042074108
"1349_9",0.9770952853043168
"4306_7",0.972452077116829
"6924_1",0.041375465354271175
"10639_10",0.052164114589546624
"5674_1",0.04095679906742599
"11321_1",0.03596939330065244
"771_4",0.07890211355086131
"3519_1",0.03946552688143919
"2378_2",0.03577762132393314
"5677_10",0.988406106757829
"2807_4",0.07443084530682163
"10165_9",0.9846476307600973
"6940_1",0.039180363956531294
"11015_3",0.1290267408857662
"1055_3",0.05012210084832357
"11055_9",0.9543817456763226
"8173_1",0.10602839636638575
"10743_1",0.04720089936789046
"11927_3",0.08556223430137636
"8785_4",0.9579003229440157
"10995_1",0.037274627723132406
"11899_1",0.03426027654358494
"10078_10",0.9745437021482557
"11831_8",0.9803407651765123
"8182_1",0.07678083398605601
"9664_2",0.03927319997380727
"12229_9",0.9878822876504938
"6076_2",0.03828993047073268
"8529_2",0.04055869379539894
"4686_1",0.037526892877887026
"8174_9",0.9822490752449639
"7395_4",0.808729087674376
"1803_10",0.9894319451146456
"2508_1",0.034632159074425774
"452_2",0.034447087760652535
"8830_4",0.9242592589823229
"3240_4",0.9053066202306945
"578_2",0.07444652057622343
"3093_2",0.07309673834275382
"9543_1",0.037709870369393175
"9065_4",0.037437818926163935
"534_4",0.21998363876945015
"9762_2",0.08488027648367139
"3037_1",0.04023654945693451
"4632_7",0.9768972206612385
"5064_8",0.9170020852485985
"9962_10",0.9762668215894099
"9340_10",0.9829661349618046
"5881_1",0.03838071853117496
"4642_10",0.9885436112791103
"5293_4",0.8642197208776107
"6721_1",0.040737761749050624
"9869_7",0.9603500182740681
"7070_10",0.9863388819181798
"12486_9",0.98510714842673
"4943_9",0.9640591544661042
"7939_10",0.9626402451427014
"5786_3",0.07037598714242657
"10357_7",0.040263376670892095
"7147_10",0.9838072531856793
"8627_10",0.9874143077283172
"3370_1",0.25054886901346246
"4117_10",0.9900070298918666
"8178_7",0.9855337111360848
"968_8",0.9857677050779448
"5931_8",0.9462910862469344
"6459_2",0.03479210621989319
"2480_3",0.041173297968325036
"5511_10",0.8715626639305019
"7554_2",0.03927162980273924
"9276_8",0.9839091664401067
"140_2",0.055815448565387886
"2776_10",0.9847216904915217
"3690_1",0.8564339673231108
"6369_2",0.14449813470334938
"7438_10",0.9906579931368311
"872_9",0.8611606325049799
"2389_2",0.0951786425281207
"2882_3",0.06601537396021867
"10404_9",0.9489090503059654
"5790_4",0.1324983889969033
"2382_7",0.986214411663209
"7798_1",0.04297503383393079
"272_1",0.03954109499140988
"298_1",0.03786939543838832
"11414_7",0.9512134938768679
"9255_4",0.8211269291163326
"5914_4",0.04005983505282683
"2974_7",0.8868213499048976
"6739_7",0.7688955278588884
"1229_7",0.9738860635339488
"2268_10",0.96347881294954
"2352_7",0.9234064947735171
"9329_10",0.9448620187616609
"11380_10",0.9727393759428068
"215_4",0.03910001601490882
"9915_2",0.03673880941658626
"541_1",0.039454531551261225
"10975_2",0.07120412437778205
"6946_9",0.9829555702728942
"3286_7",0.895056131309485
"7482_10",0.9753749308144969
"48_4",0.9220435616116746
"10046_4",0.08380283976380946
"6295_1",0.03958551679417942
"6417_4",0.03617556886405248
"2401_4",0.040408619747862105
"8608_1",0.2750188237778448
"3500_8",0.11120415203819108
"11903_3",0.05177094766686744
"4012_2",0.058942588149259414
"11415_4",0.8663554394915559
"5835_4",0.16126272129661182
"9039_4",0.08229406148466997
"6526_1",0.04733216860468567
"6379_8",0.9839031580898088
"6136_10",0.9884897844620466
"6094_4",0.0716171081317606
"11608_9",0.8924448260980706
"3745_3",0.14938018391501473
"10694_1",0.09126180801705915
"3222_10",0.987262534013997
"3394_4",0.03844696685151655
"7790_10",0.9528573401083319
"2982_10",0.9910684179023606
"12253_3",0.9835925670202126
"5900_1",0.10754266552083633
"3398_4",0.9633087895985876
"10038_7",0.8007532138781509
"1520_8",0.903663637194648
"11756_2",0.0405167033014268
"6228_1",0.03709516917453608
"6226_7",0.9163144262700111
"4377_10",0.9516127160388634
"9730_1",0.03714546409081115
"11088_4",0.8031988347166163
"7867_10",0.9839743510079714
"5072_1",0.15044289277096107
"7935_3",0.03816520318729645
"4536_3",0.11906793497206636
"6989_2",0.03711506135471565
"8101_8",0.9835439669021446
"3364_7",0.9323358278985898
"7862_1",0.028920187810569507
"8562_2",0.061140954884386006
"9783_9",0.937281115020231
"7272_1",0.10767361195222144
"1025_3",0.0709150859672493
"9432_7",0.9813875088126924
"4153_8",0.9903180446022462
"8528_1",0.03506593342591752
"8427_4",0.8826984965169113
"5417_1",0.037225663501392316
"6575_1",0.0776120508257367
"10041_8",0.9194427186617202
"7589_4",0.07599145963234083
"10391_9",0.19835688707071636
"1400_7",0.9070476661966985
"9428_2",0.17891941742785195
"7106_3",0.03439969969366906
"5695_10",0.9572806503581066
"6430_10",0.9826882574884541
"11722_4",0.06291731025325259
"11328_1",0.03463126526887239
"9020_3",0.11111385152375279
"183_10",0.9887046359812138
"6674_10",0.9848093309068692
"5495_10",0.9675550275124964
"2237_7",0.87834015490964
"11943_7",0.9868779147913892
"5872_10",0.9627721443143862
"5043_9",0.9074688674678082
"3869_1",0.03889771489943279
"5113_4",0.8948296575524834
"4671_3",0.03451431684415613
"9220_4",0.9381303564405333
"7330_1",0.03419596948904254
"5344_3",0.04027602695879645
"11965_1",0.03447383036953209
"7620_9",0.9838501490949628
"7044_10",0.8898864698505288
"6296_10",0.970972704851296
"8204_1",0.03834461911562723
"7661_9",0.8458836751795158
"11708_2",0.03840954073124377
"2415_7",0.8065687273589794
"7840_4",0.04702867166328724
"2628_10",0.9864645973577123
"4633_3",0.04389580357048801
"7320_2",0.03954786693168217
"11755_1",0.04062473588398835
"2589_2",0.8017448216968291
"5044_10",0.9919483855201764
"5189_1",0.03519052817250573
"7926_7",0.9319600928823925
"2454_10",0.9876947103204183
"3368_1",0.03550926522112068
"12223_7",0.94254604102988
"7348_1",0.035141836054738494
"12007_8",0.9440946991242053
"5501_7",0.9739509075987973
"4025_8",0.9897121442648306
"6447_10",0.9339505853594114
"5438_3",0.034487851762856084
"7910_10",0.9430288094591083
"377_1",0.03653938798569456
"409_8",0.9905380452130965
"2150_9",0.9787081399375853
"11986_2",0.037514200349787356
"2544_2",0.06808572225528128
"5141_10",0.9903709653733612
"8305_3",0.9591830892464491
"8329_10",0.96740436038164
"2333_8",0.7897287723888797
"5171_4",0.03610540917059612
"5412_10",0.9735773464595652
"1081_10",0.9830590041054101
"10773_7",0.9783424941726107
"1969_10",0.9553694879368558
"8276_10",0.983093828396137
"1244_1",0.11531262524579092
"7113_2",0.8582152937338623
"9535_2",0.03636138817345803
"4627_7",0.9880065570220273
"10757_4",0.04971683306226331
"10091_10",0.8731527658054593
"5211_10",0.10027564595537088
"7510_7",0.04150396553442609
"11674_10",0.9887332940277983
"5299_8",0.9863276313847553
"3515_8",0.9577530047447831
"10143_3",0.036571800715538436
"2274_10",0.970085732387007
"2372_3",0.16643197816819322
"3116_8",0.9755326962644068
"7340_3",0.04042135464068806
"1394_9",0.9850922847598105
"2047_9",0.1573585060486371
"8587_2",0.8572950651765494
"11579_10",0.8948518282986571
"942_10",0.9891104090678038
"9355_4",0.1433217825801801
"8812_10",0.9718593416276747
"4732_2",0.03788727578891513
"3180_10",0.9850287781987295
"310_9",0.8455265284653728
"3980_8",0.9630527616701354
"6923_2",0.047259740326892334
"2424_9",0.16441592116549933
"1092_4",0.061210844476544804
"9238_7",0.7446631022683645
"2382_2",0.032741818324883674
"3579_1",0.03843670201582818
"6801_8",0.9844798772657938
"3768_8",0.9813785568733708
"11717_10",0.987183016382503
"10001_9",0.9619787985950267
"355_10",0.9892928498025828
"8896_1",0.045691859205088704
"9772_1",0.03811561128771245
"7624_10",0.11693646129837923
"1102_3",0.03712382204217753
"10949_9",0.9847301041913104
"1269_10",0.944559422340393
"11768_4",0.041630508760534604
"5555_4",0.2515274002746154
"2233_9",0.9101697140180847
"6567_8",0.8555897113865767
"12130_8",0.983819795789241
"8587_7",0.9786617141418378
"10973_1",0.040203646395617604
"3863_10",0.9909193253804442
"9220_8",0.8054941067516936
"7579_10",0.9884354923363825
"4411_10",0.9660822399677822
"2093_8",0.9897881356027514
"10883_10",0.9400295341233338
"3583_3",0.0379544071909267
"1396_8",0.9036270718117282
"1930_3",0.06156315053642056
"8779_1",0.7743206677059989
"12478_9",0.9860979661660245
"176_9",0.9584290203806631
"11733_10",0.9216673135914599
"11368_1",0.03632769072973644
"4077_8",0.973961157439766
"11056_7",0.9835082439826052
"5567_3",0.06862613452248395
"8549_3",0.1595665251196749
"9743_1",0.04117267788066288
"6916_9",0.9887512176548149
"6147_1",0.9786931225757338
"7820_7",0.9870095724883025
"1352_7",0.9471055652317948
"5337_10",0.9869440755315935
"12285_3",0.03561164106718219
"8992_2",0.04011106330066673
"4644_2",0.041555446860133086
"9793_10",0.8354805559054743
"2359_10",0.16005639432300867
"2137_9",0.9847577826779819
"10559_3",0.04111778868017242
"2679_3",0.038538602708218135
"10010_2",0.20595571477795588
"11987_10",0.8610058393535299
"8824_10",0.9873324794706738
"11418_7",0.9521621604424455
"2423_9",0.9820687007816853
"1576_7",0.20449405438373885
"7947_4",0.9060909537822331
"1714_10",0.1567472306951077
"6006_8",0.9886520475126085
"939_8",0.9611528478238813
"3755_4",0.06877478379381098
"3213_3",0.04518381024250773
"164_2",0.034597719414362266
"1123_10",0.9475019667450639
"7397_7",0.058407180847162635
"822_1",0.02830862552579434
"5631_2",0.037413002521577865
"10464_10",0.9728787468165421
"11397_10",0.9855051337127541
"10679_3",0.036946858570676484
"8205_1",0.03449507398485245
"6947_10",0.9223096638304789
"2000_1",0.034117285337891046
"4075_7",0.9048911412903072
"1388_8",0.9261117127717395
"446_1",0.04928847946900645
"1063_2",0.03463559915138723
"6030_3",0.05508475700597927
"5613_2",0.03522610176776624
"8759_3",0.2139003007611693
"12169_1",0.042846640305633135
"5111_4",0.05266976774066565
"2891_4",0.277001555164864
"827_1",0.044377131669115666
"6229_8",0.21414433029307778
"2212_4",0.1873351425138537
"4788_9",0.9510509777658827
"8859_1",0.034950186047912016
"9798_10",0.9758837299315991
"9763_9",0.2183611487805095
"3889_7",0.9852890517080994
"3275_8",0.3005259346503136
"5106_10",0.9814823637248524
"7576_10",0.9844347123142136
"9405_3",0.04684529236660204
"7108_1",0.03823306811014849
"9794_10",0.9729411874230712
"2653_10",0.9885724808371188
"10545_10",0.9431784897123537
"12306_10",0.8504095559287987
"4696_2",0.03911239001413455
"7982_10",0.9945853592318289
"11066_3",0.18522145333109757
"10034_1",0.03967844029071667
"6035_3",0.057233367043989875
"9518_9",0.9115567071454296
"1266_8",0.9787591771445819
"11336_9",0.9523622929229343
"4159_10",0.9853859526246004
"9375_8",0.9671069028160317
"5204_1",0.035867792234254826
"3360_10",0.9761989263439064
"5659_1",0.15789009274920668
"8839_4",0.13545909933700515
"4529_7",0.9225577916657108
"3283_2",0.0812634981072067
"5376_7",0.9526392400805879
"5379_8",0.9933856104425542
"5266_4",0.04340338986818915
"7463_9",0.9675320590928678
"3595_1",0.04271219082624916
"3141_10",0.9638655665997613
"9986_2",0.2253521623284291
"4279_1",0.065104815947095
"1427_4",0.06463953041831379
"8357_10",0.9504317408958289
"715_4",0.15028586360260937
"8482_9",0.9682147740455807
"3091_10",0.9580606605426814
"5735_7",0.09640708599323174
"3100_4",0.03822836818929123
"11447_8",0.8753223686349764
"4577_1",0.07355317238049545
"10287_10",0.9292096802783827
"3384_3",0.03427769104851878
"3820_9",0.9484703398740302
"8883_3",0.04909584732677336
"11279_10",0.9630061456838125
"3093_8",0.9735929805701141
"10465_3",0.03922956869126898
"4423_10",0.9654813939531061
"601_3",0.03624801428123139
"1902_10",0.9888419081063923
"1509_8",0.12017518273125954
"3019_9",0.9778956113266437
"11994_9",0.9744223174543863
"4246_2",0.0674597445940926
"842_10",0.9919885960173854
"4917_8",0.931511918413151
"68_1",0.0576382502318671
"6613_2",0.03719475628817404
"7230_10",0.9821361522784013
"6183_4",0.09714239779596931
"338_10",0.9704682851489755
"6182_8",0.9848193958253604
"2409_1",0.03583507410432922
"9965_8",0.9866804027294308
"1336_10",0.9406231607540391
"4456_2",0.03902897695538037
"12437_8",0.9733309290954347
"8437_10",0.9752262879366337
"409_4",0.0482214120094804
"2303_10",0.9330027249780599
"2144_9",0.9296804186492632
"2302_8",0.9660816536721607
"385_9",0.8307472253391471
"3617_8",0.9854837732133859
"5450_7",0.9404207740008457
"6882_4",0.035113874348864434
"2980_4",0.94097644813781
"9828_4",0.042257411680930085
"10745_8",0.9866103703652099
"3478_1",0.0239301350136655
"2167_2",0.041213872251068685
"5562_2",0.037149998750046404
"8771_7",0.10794071408491748
"8372_10",0.9840220958276769
"10749_8",0.773913678382055
"7394_10",0.9744560780809423
"3711_7",0.9860839459709589
"5375_1",0.08680335616020075
"7881_7",0.9797470268819755
"7023_2",0.038065751002171765
"206_10",0.9861990652907813
"4760_9",0.9672734642604138
"12026_1",0.035837313157878754
"12182_10",0.8743326422526349
"1821_8",0.9892199749592595
"10828_1",0.038978735399085244
"2446_10",0.9562640861923378
"5327_10",0.9144241427893683
"5727_3",0.03556715670721629
"11460_4",0.10687028094409609
"6484_10",0.9296055066758581
"3555_4",0.21503049354805792
"10641_8",0.9876456568891284
"650_3",0.04281941378493196
"1467_10",0.9856067619221192
"7651_3",0.03881542965790201
"11459_4",0.12420245881619278
"9255_10",0.9451307595000524
"7888_10",0.945372224154162
"4118_2",0.040086547454971914
"2540_9",0.825571416042695
"2152_7",0.953923786886537
"2614_10",0.9172862722381824
"2892_10",0.9407160887794648
"3878_1",0.03539606606032287
"273_10",0.9765140029041162
"5565_10",0.9340196680308877
"444_10",0.9660082295983091
"11062_10",0.9535937428863875
"5184_1",0.04190366233822382
"12140_3",0.041643325840315985
"3254_8",0.9821623235993568
"11537_7",0.08720721309286886
"7606_10",0.9570033393324214
"6120_2",0.03716126197257302
"7416_10",0.9646253879044762
"10759_3",0.13273694735068942
"12255_9",0.9880629024404395
"1114_10",0.9445396807346278
"6827_8",0.9295231195274505
"10246_2",0.039678809020513614
"204_9",0.9686002084393945
"5816_10",0.946094479038027
"2693_9",0.9691605611765861
"2578_2",0.0417160635310997
"4958_3",0.1720307461922648
"7873_10",0.8744234329496101
"8795_2",0.04522699684470249
"1431_3",0.03509446959718329
"11635_7",0.11831190530390222
"1327_3",0.039609520781345636
"10813_7",0.8706504096226202
"9764_4",0.8355416079752686
"5861_8",0.9233496292282605
"8995_3",0.040540346779762905
"2243_1",0.03960384453143586
"11708_7",0.9679011123685013
"1998_2",0.03760076785030473
"11887_8",0.9741747231029744
"4836_10",0.9095484038449193
"1603_4",0.13729444342092015
"9860_4",0.09951318743848174
"1728_1",0.047644149092072555
"12108_1",0.04584387030368358
"9756_4",0.9858703277207693
"1325_3",0.07683197332663629
"5174_1",0.10533136196936975
"9917_2",0.04678961227754966
"6101_1",0.03872038006521887
"2010_10",0.985297567621186
"1132_8",0.9234760661294801
"8516_1",0.049892125460023015
"3563_1",0.04002830955245127
"2362_10",0.9878196751368546
"10971_1",0.20218976071995076
"8672_9",0.9564389772831305
"2863_2",0.03834763467357818
"2750_1",0.044203089389100156
"8599_4",0.03819435128835911
"12115_7",0.9681938567170184
"4921_2",0.03450425427174251
"2975_2",0.03644594095476741
"4245_8",0.9893858674074213
"10778_10",0.9884372065434031
"7816_7",0.9348812108200011
"9131_1",0.9310122844622999
"5541_3",0.037216900600572304
"7956_1",0.1389410860605863
"780_3",0.061751479002091846
"1052_10",0.9842360424429935
"6842_8",0.9871771989086268
"8279_10",0.9903311624159381
"9653_3",0.04156106709131613
"3025_1",0.03871577081966696
"1174_1",0.040914428620543945
"1039_10",0.9523729308204508
"4609_10",0.9895008692630378
"2150_1",0.051263033818871165
"6289_7",0.2519952836668372
"2963_2",0.0341216369182292
"8801_1",0.043398669865865776
"5196_7",0.9880587081999471
"5723_2",0.055224543256100045
"10530_10",0.9884888457081384
"9473_1",0.035116821667347614
"3355_3",0.034135739465436986
"5388_3",0.08037861537943333
"12102_2",0.03548598856446655
"11038_10",0.9777632323962869
"9672_1",0.039438322697633664
"6875_8",0.9797660817602278
"4754_8",0.6727400586460905
"6814_3",0.726463550978711
"8937_3",0.08402539190126994
"7077_4",0.9030269345280055
"1782_1",0.03670544843895716
"631_4",0.06963730459232817
"7876_1",0.03959207766680487
"74_4",0.04629806575917181
"2846_9",0.8130628356479412
"4190_1",0.03543418585748658
"7843_4",0.052549204797936525
"7528_7",0.08569673758720037
"2396_8",0.982869590475925
"790_1",0.034223241359513434
"2020_7",0.9744905146298738
"2526_1",0.03660978207833302
"8104_8",0.9842391596084241
"12372_2",0.04048035156436913
"417_1",0.0372622214269848
"1318_2",0.035677543413507345
"4530_1",0.041711339554198756
"2370_4",0.9309337169810176
"1886_10",0.9855630607609505
"9386_1",0.04091280741335863
"7863_1",0.03174919235991371
"3864_10",0.9865261261393944
"6559_2",0.03448361021254513
"7855_7",0.8089332936249716
"1672_1",0.04269064113432808
"8453_2",0.7835248547971898
"8373_3",0.10918294133412289
"9770_10",0.9702722788632556
"12009_1",0.03677946939633116
"2770_3",0.03849532928812824
"4618_7",0.9735148755189498
"9797_10",0.9350976861880013
"6605_1",0.28682269279340217
"10176_1",0.05805154286462608
"8949_10",0.9856816851431252
"5401_7",0.2571354127426117
"3295_7",0.9858523925140944
"4791_1",0.037205458370813654
"4016_1",0.04216440235375582
"4314_10",0.1336144777892529
"2903_1",0.041023820565587704
"3835_9",0.924880373441947
"7532_1",0.08072455286868542
"729_10",0.9489334928612703
"5753_1",0.1079082205091706
"11976_2",0.03458794353727026
"3027_1",0.047065515573976285
"9721_9",0.9425830143219471
"11295_3",0.04916070646168558
"3241_1",0.04207663013469479
"5389_9",0.9893035601958157
"9889_1",0.05053858326971443
"3522_4",0.03455144820674593
"10865_8",0.9881562321013555
"1015_8",0.9535551192063807
"5048_10",0.9804941811835877
"2671_2",0.038621121716597595
"2841_4",0.053760263669635454
"4928_1",0.0400810347411005
"10499_1",0.04068701692786287
"9409_10",0.9803353460874955
"974_10",0.20420035909242507
"11582_7",0.954974669569359
"9988_10",0.9863974890389682
"3463_8",0.9736359313522867
"5194_1",0.2405654062342582
"3377_4",0.10855038693218705
"4352_1",0.2164433786356807
"10862_1",0.0379764390816673
"1545_7",0.9487625920248799
"9801_10",0.9722060692747374
"1905_2",0.03443354830626108
"12276_9",0.8944471734909003
"7544_1",0.03790909726115202
"10056_1",0.08452597590250341
"3623_1",0.0391991030562577
"4013_7",0.8947193701725814
"1294_4",0.14593509700448015
"10285_9",0.9865459312015172
"7793_10",0.9890230757589213
"3809_9",0.9870173285809256
"4586_3",0.03672438679368884
"7511_1",0.1797452315168606
"10873_4",0.03646074302774236
"4888_8",0.9796592766670904
"4349_10",0.7891559156818799
"1531_3",0.0667133189148844
"8884_3",0.03500226145120117
"7336_3",0.9018799733253057
"9688_10",0.9842180255469756
"7208_1",0.043042763606630535
"4355_8",0.9798436929196144
"6098_2",0.037888384057788674
"9106_10",0.9401328526352761
"6422_1",0.03746554684388087
"2054_9",0.8606447832359972
"550_8",0.9636732787189609
"402_8",0.9659213048760311
"11832_10",0.9944744567169274
"10256_10",0.9839191497545744
"6131_1",0.027090560019243197
"11907_4",0.06298528846515979
"4459_4",0.18224791938054385
"8555_7",0.9822017633557875
"5079_2",0.03256883872794696
"10304_2",0.046565550585414145
"10489_1",0.034594657445405214
"566_3",0.8948066674137952
"1999_1",0.03460598871495944
"590_1",0.06364350742724421
"11159_1",0.04249395560754683
"10612_9",0.9625897530902623
"10810_2",0.05350804895120614
"11658_4",0.04370416730062414
"1950_9",0.984536569708378
"8977_4",0.0905575887563889
"9040_1",0.0361744777276733
"2891_10",0.132668773424349
"2966_10",0.9506092812079914
"8665_4",0.07870188920599003
"6600_1",0.03597817074145616
"9308_1",0.8061574696604276
"7870_10",0.9800833703862508
"10511_1",0.038268489482402884
"7235_8",0.8720877890561858
"132_9",0.9730141300115801
"1575_8",0.9802567214073665
"3328_8",0.9698298127171797
"3273_1",0.03823010126369069
"9475_4",0.053294394095786554
"10938_7",0.04786602895399121
"8143_7",0.8545767309593094
"9003_10",0.9607847368116869
"9854_10",0.9891782205366895
"9932_2",0.04958593181472548
"1017_7",0.20050236605566882
"4386_9",0.9863833846439182
"1105_3",0.04239755580609328
"7315_7",0.8451610119956282
"37_9",0.9914433391589978
"8409_10",0.8931505850172474
"12118_1",0.1128245184779437
"1665_8",0.985181504332321
"10284_1",0.034666530455533986
"8922_3",0.03759032248791267
"2524_2",0.07294779872462734
"11205_2",0.04026769819455309
"4676_8",0.9914214519772944
"10479_4",0.05182079603854245
"9849_8",0.9499306430977734
"4841_3",0.9619381423952932
"9153_9",0.9555605537458713
"9279_8",0.9693975420265545
"11008_10",0.9818249775451727
"614_10",0.9875250835113557
"167_2",0.06992839072206486
"2041_1",0.0353729951152429
"6509_8",0.956092443505419
"9832_7",0.3202698490876748
"5939_7",0.7695838946442908
"3267_3",0.037442799880068066
"3555_9",0.9267817135305234
"1668_7",0.9684704046670295
"11048_1",0.03701952959256151
"1856_3",0.03775571820637128
"4426_10",0.9820231882780578
"8457_3",0.9249026361140625
"6603_10",0.9342075454008743
"4738_1",0.04004603672384787
"11762_8",0.9652503317461453
"2078_10",0.9850627676895568
"6754_1",0.041787422542821126
"11721_2",0.039923677568107344
"11558_3",0.8864760835814316
"973_10",0.8680897739009938
"814_4",0.03537460003220127
"2102_3",0.034109192717315044
"11394_4",0.9381170709944204
"312_4",0.039913878993410166
"2994_1",0.039123942306729435
"5649_7",0.9420586582106298
"7281_8",0.3094650928515641
"2756_4",0.038791127171319564
"2137_1",0.037537197006483065
"8696_2",0.038658471699951534
"1158_3",0.12343645297733774
"4531_1",0.06999694712394315
"10047_10",0.9912087770786908
"683_7",0.9254185763165897
"8645_10",0.9745933763468022
"889_3",0.05460176763091844
"4202_2",0.034650650491056256
"3859_10",0.9699444251072725
"5038_8",0.9902699104591377
"6906_9",0.9664354870875101
"4154_8",0.985274361463528
"9548_1",0.038964743988860115
"4434_9",0.9878598874201587
"9235_9",0.8020632715026151
"2368_8",0.8917666879043415
"8391_2",0.03450540747103091
"1391_7",0.3265998055272608
"4317_1",0.042933639553949084
"8345_4",0.04059705041522804
"8610_1",0.0358473188655934
"2888_10",0.9845684204926066
"5597_3",0.03891912204210771
"4900_7",0.9042491054419173
"3016_2",0.07084936460003324
"1057_2",0.9427831775488953
"5143_8",0.9679173192060744
"6932_2",0.11524304915073835
"7879_10",0.9782005223079451
"9300_3",0.05798544288032213
"12142_2",0.056240481240045374
"3426_3",0.12089469036520897
"7977_7",0.8273230830960759
"1573_3",0.16559934653302782
"336_10",0.9875927545050284
"4248_10",0.9540892226280084
"9693_7",0.14431466787820532
"7753_4",0.04306583261194204
"2290_10",0.9874868711435085
"9156_8",0.9688933349521095
"5526_4",0.04090962778553962
"3896_8",0.9483478670486868
"8520_7",0.9768730422638858
"3566_4",0.12040924123918602
"6386_7",0.9767650901546565
"4201_1",0.9866062950549094
"372_9",0.9891514019368772
"6768_8",0.9744431380903888
"9177_8",0.9717162322014016
"1079_1",0.03660428671858179
"934_10",0.9828460406512756
"11918_2",0.049268698008658796
"4867_4",0.07783171491085879
"12449_8",0.9850409429232698
"7907_10",0.9897954257463121
"4508_3",0.06798948153293455
"1075_2",0.10611201754082862
"11466_8",0.9376651724186464
"10935_2",0.04555189928071546
"4826_9",0.9246774311398096
"4814_7",0.9763400725186813
"8676_4",0.2119942375121436
"1058_1",0.03584355757918705
"7831_2",0.03834682315133697
"1150_9",0.9793936754813828
"5395_1",0.036896133478634824
"5435_7",0.9561259229680942
"1745_1",0.03727398564094842
"11278_4",0.053530897367043015
"8629_1",0.10396234260898228
"3145_9",0.9723260591062439
"8108_10",0.9583671975321313
"6377_1",0.14150713278488347
"10298_1",0.03895131712310356
"12265_1",0.03866161965313632
"11930_8",0.07549255613538021
"2511_10",0.9895695952258359
"7955_1",0.037160048296031034
"2335_9",0.9110021573453395
"3194_10",0.9460648093085695
"6724_10",0.9362498346374719
"9406_1",0.05126612823205524
"11369_1",0.03822724532510032
"1972_4",0.035153473682830366
"6900_8",0.9022817561224475
"7813_7",0.8407405978392708
"785_7",0.9787018081894989
"6368_3",0.03820605184124106
"2163_1",0.036631249665585626
"11487_8",0.9705156024377672
"4292_7",0.1858967562356875
"7451_4",0.04171384495032623
"11465_2",0.03680888545731414
"7641_8",0.9207744706562073
"8250_8",0.06249484480517528
"4490_1",0.042821120611455085
"10452_1",0.05648204687705656
"7442_3",0.039176341095655584
"3027_9",0.988299250639642
"235_7",0.9907588846415963
"3750_7",0.9624396110718878
"8700_1",0.038996094427106665
"3584_10",0.9326899919819427
"7217_7",0.9168502524698476
"7769_10",0.9894166676761267
"10149_9",0.9757685059649978
"7607_2",0.03652017881870572
"7749_1",0.035394696661160914
"12067_1",0.039081412465650625
"388_10",0.9906853920453909
"6596_1",0.037133389688700766
"10242_2",0.037064988579997286
"3853_1",0.035474542558775815
"5726_4",0.039093318465355395
"9031_9",0.19749443598938712
"1543_7",0.9585842068535317
"1442_8",0.9879822350491468
"6336_10",0.9291986024011039
"5929_4",0.20258869357592926
"3378_3",0.8617085776623099
"183_4",0.08847671477403202
"3518_9",0.9888699618107809
"5870_8",0.9686035147433683
"5053_4",0.04968763872258581
"7330_7",0.9627710228484424
"9553_9",0.9685028594379159
"9552_10",0.982791254016558
"8515_10",0.16309920143167256
"1666_9",0.9836372188231541
"6661_3",0.06845997505513288
"8721_1",0.03885970373422093
"1368_1",0.03536127908411335
"5076_9",0.8197640706336098
"12353_2",0.07010924280652671
"1099_7",0.9725270148836853
"8669_9",0.7470970062825852
"2564_8",0.9879847353573924
"4369_10",0.9884040549083348
"11951_4",0.04985176300416693
"11384_3",0.8829161146508662
"7459_3",0.03913746386247368
"6776_9",0.9610673988146216
"6673_3",0.03611161184339496
"2500_8",0.9506898106632609
"8739_3",0.037720039495755336
"3828_1",0.03564840865815643
"7945_2",0.9590034902393934
"7934_10",0.9831555431610628
"4571_1",0.03795015241623072
"11689_7",0.9663430697359747
"3681_10",0.9842109702099646
"5110_4",0.08636689738430636
"5953_8",0.8354841319723356
"10906_4",0.03990236580521277
"3424_8",0.9776156300544756
"6492_7",0.9766786740257898
"10450_1",0.060389869632366866
"4856_8",0.06116022861129245
"12019_1",0.048146783440652895
"1390_8",0.9839493238575194
"6452_4",0.8416071583446866
"4916_4",0.08088884997204826
"3979_3",0.03568716007960989
"6023_3",0.0879625006996601
"5762_1",0.03662839642718482
"4176_9",0.9859710683421822
"7194_2",0.03986453022809213
"3143_7",0.7327284767968637
"954_8",0.9857120582955761
"5291_1",0.036124840920731136
"2258_1",0.1668583391432629
"5412_1",0.034426173854332005
"4088_3",0.03745680137438674
"4312_1",0.04692726927655244
"517_1",0.03422243990336394
"5601_1",0.03887168112163297
"288_1",0.8015868320947103
"234_3",0.07366457473974683
"6665_8",0.9849186889565528
"6957_3",0.040630288465116904
"4454_2",0.04444972754660439
"3270_8",0.9890919907468756
"4500_3",0.04218981679869235
"7551_1",0.03527409081346105
"9033_4",0.04040521498115999
"2619_10",0.25425282171069796
"10093_10",0.9844374005985755
"5483_2",0.04822207181033132
"8383_1",0.037506192783076965
"11683_1",0.05009511739143744
"10649_1",0.03724230953235488
"181_3",0.7042684282632634
"3668_2",0.041018476692318374
"3769_1",0.11120054663243648
"11519_3",0.18509886028571748
"5716_10",0.9286082931047136
"10918_8",0.9753862665143028
"3103_1",0.03515235713266818
"7210_10",0.9749378466116775
"2515_8",0.8755306634056501
"8424_9",0.8891497490642263
"1404_10",0.9877875536890278
"3158_10",0.9838175925057439
"4996_2",0.034840963285694054
"5493_3",0.060779972096953724
"8540_9",0.9669677435637156
"8960_8",0.9890105191400606
"11274_3",0.035404728231621406
"11067_10",0.9880756565177284
"3335_2",0.13992712909689625
"6578_4",0.037763691994087356
"916_10",0.9581843499259509
"3844_1",0.03971001762419341
"7108_8",0.06488458399228536
"565_2",0.8581789820613241
"11622_3",0.037609783549932836
"10700_1",0.034123445718870826
"10483_1",0.03962989181402634
"8951_9",0.2521353934779179
"6326_8",0.9843328155171635
"3035_8",0.9625819476101211
"2292_10",0.9709203752554896
"11013_4",0.04020366682414302
"10618_1",0.03852464602255787
"11544_1",0.03416989526507998
"7550_10",0.8303358154862014
"289_8",0.9822159496911272
"6571_10",0.9823377721192805
"6056_10",0.9369678220271369
"10814_1",0.026444692220890034
"9377_1",0.03563703631337328
"1577_8",0.29663817938575077
"9268_9",0.9902503606556745
"10116_10",0.9849598516838473
"7411_10",0.9908084224247052
"12279_4",0.975861113656971
"3575_1",0.05105782314847776
"8105_8",0.989723126993116
"6092_10",0.9885880663396992
"12406_1",0.04281565990732107
"1117_2",0.03468349159783483
"12358_7",0.970938131257568
"4469_9",0.977065084778837
"7055_2",0.07366584527174684
"10412_8",0.9830546664356044
"12155_10",0.11626323821798243
"11222_3",0.034859806153841
"9622_9",0.9341466711026174
"8992_8",0.9752406004712051
"5305_3",0.040493463182702194
"8111_10",0.9893319166947643
"3436_1",0.0384154861264581
"2748_8",0.9890936973912466
"6527_10",0.9868136305489774
"672_8",0.978262320525229
"8172_4",0.09498904104337311
"5513_10",0.9560122851458617
"741_7",0.26562426546250767
"8886_7",0.9511348145008331
"6939_1",0.03876242082012457
"12235_1",0.03663698972911555
"10607_1",0.03655805606540305
"4708_10",0.09759518374432599
"9034_10",0.9911434203251708
"6600_10",0.9599431864584698
"2934_1",0.037233940314162606
"12168_10",0.9148820928467867
"9362_9",0.925346702205061
"9627_8",0.9836749479634268
"9547_8",0.09081237471593435
"4108_2",0.03435020632429578
"10293_9",0.978392862398092
"10105_8",0.9762555124383218
"11864_7",0.9890733625329475
"2843_7",0.12682480498248253
"836_9",0.9389470470474135
"6201_1",0.03635215631982252
"8192_4",0.9799261514587071
"2596_1",0.03622470262502856
"6847_3",0.7968358859637384
"8794_1",0.03805587904627103
"7281_4",0.045938445586542996
"9678_2",0.06309650816622239
"10950_3",0.0785154220949815
"5845_4",0.042711143878485985
"6187_10",0.9781892132020509
"4684_9",0.9735799977326965
"10852_1",0.09827209591235263
"11542_3",0.05168383484680053
"5385_1",0.03328906267329794
"9597_3",0.1402713664191974
"8975_3",0.08441372069258288
"10766_3",0.07303537463428357
"4236_8",0.9713467175056472
"118_1",0.026890573392105193
"7278_7",0.9546722374101981
"11069_7",0.9628410843936515
"1002_3",0.0663731318161844
"4210_7",0.990823983825353
"8514_10",0.9844338765615948
"9676_1",0.040778498122861724
"11826_10",0.9249563598800086
"8216_8",0.955566271118387
"575_4",0.04113360171684866
"3867_8",0.9607373649704897
"321_10",0.9569612920535542
"1654_1",0.04758402451253118
"973_4",0.13711061959751641
"8796_3",0.03932947534375062
"145_1",0.034075598445025675
"2649_2",0.0348232348271493
"2432_2",0.04547108906546656
"5713_10",0.9897863249501051
"6851_1",0.982263634565861
"3523_7",0.9832054856002765
"9862_9",0.9838957980347135
"8888_9",0.16200016841611625
"12343_1",0.02797514671548175
"2298_9",0.9891889349578353
"7129_1",0.03454579267335653
"12163_7",0.2310393629915875
"1090_1",0.03772199623238106
"8249_7",0.962329972742364
"3716_7",0.986306272552562
"8095_4",0.11958803399912023
"9739_8",0.9533140749115694
"7041_1",0.05858096369498093
"7673_10",0.9906588655413178
"210_4",0.04366649797886737
"283_8",0.8188508612053399
"12361_9",0.9889703526532289
"9254_10",0.9810827209478699
"5598_1",0.03430188844710971
"128_10",0.9867443143082831
"11557_7",0.9093634874032351
"10232_10",0.9927160335816555
"10747_7",0.9872191426664103
"9984_9",0.9890068877683782
"9618_1",0.03518650156561771
"7976_10",0.9399238467723607
"5788_10",0.9073006541264653
"7378_4",0.17189325431127495
"2047_3",0.20592272773274983
"10053_10",0.9880824824326808
"8399_4",0.08504247348582492
"7925_10",0.927651606562681
"6830_9",0.049583755478922326
"2530_9",0.9644366261047386
"9521_1",0.33016168416236646
"784_10",0.9893855162716287
"10417_7",0.9724565091131867
"2198_9",0.9839060725764994
"8219_8",0.9504509681553903
"6896_4",0.04337809627366223
"5341_7",0.9892705506070416
"2386_9",0.9888982036708709
"2323_8",0.9696520151607965
"9028_2",0.04571679830361879
"6983_7",0.781652672052957
"9885_7",0.9857251247098672
"11720_1",0.04377696985924672
"8409_3",0.1364605173756377
"5797_7",0.9882528656899809
"7729_9",0.9882824076826096
"10591_10",0.9890861145906013
"9593_9",0.9818008639050104
"6364_4",0.03681972608815366
"7215_3",0.044169835940441264
"3653_2",0.03814109013131208
"4533_8",0.23053624694166308
"10899_8",0.9835693564870025
"8312_10",0.9770195475879787
"9543_10",0.9646911126808454
"5608_8",0.8148088843533728
"1432_10",0.9467848462008092
"5562_9",0.8317588586000607
"12171_9",0.9372239696672633
"4428_10",0.9913738081542774
"2062_2",0.1755910641655862
"8468_8",0.8199581179456865
"827_8",0.9389480776696304
"11539_3",0.04990151619558792
"4215_3",0.035901835364026226
"11310_3",0.04735522637296195
"4525_1",0.03425257636001534
"2093_1",0.03482520906778362
"11238_4",0.8924114582955217
"5523_8",0.9411118643760547
"9848_9",0.9913675196464241
"10000_4",0.03892291708002626
"10304_7",0.9855360078006264
"511_3",0.03841913882602813
"1807_7",0.9774951623817913
"9080_7",0.9145259407195386
"1808_9",0.9616948909316205
"6283_8",0.9093401711473736
"5913_1",0.0346085003209765
"685_1",0.047642466129032925
"9505_8",0.9601578886248846
"7152_1",0.04626016572070521
"11292_1",0.03743129322469323
"8334_10",0.9715221644361202
"11476_1",0.03962611985182721
"3431_10",0.9718334732801561
"4019_1",0.04456797849671042
"7292_3",0.07325742518781561
"1990_7",0.9237684287686236
"1574_1",0.04212534197347323
"5516_8",0.9682239102027298
"4687_10",0.9906542798489415
"11493_2",0.03930727614807361
"771_9",0.9307484561774334
"8864_1",0.03750484314819482
"3001_7",0.9418032633664954
"423_2",0.05483859003349951
"5062_7",0.10120346719859599
"5198_1",0.0368006595188255
"7303_1",0.03910255377458024
"7433_2",0.06529039967016839
"3085_7",0.9736176029162851
"3293_9",0.9644618403177065
"12426_7",0.928132008429854
"5775_3",0.05205310542228851
"7358_1",0.03802670951150751
"3851_2",0.043417392166772296
"4785_10",0.9413239126693119
"9650_4",0.04206594138418887
"553_9",0.8994169031453148
"401_10",0.9536395265331576
"11522_8",0.9893840775020817
"5222_7",0.9521690112099875
"5042_7",0.9475247626753525
"2638_7",0.1457564849485883
"11883_10",0.9725077086797002
"11476_10",0.9747656926550322
"4999_10",0.9724594013879551
"10360_1",0.05524962815778528
"3443_9",0.9892889435274744
"1138_1",0.21200812574207972
"1898_10",0.9729479435348639
"6069_3",0.03501821829313667
"12101_2",0.034489322756225856
"1953_10",0.22727666632537286
"8679_10",0.9910419237119669
"10348_10",0.8203062678732493
"2208_3",0.07776840031091409
"3886_8",0.98980211610376
"3734_2",0.1943120496797915
"1330_10",0.9340544498454629
"4639_3",0.04036745208657912
"6837_7",0.2312067054834841
"6520_8",0.9887444402432651
"653_10",0.9592052219523335
"5373_1",0.057095065608121956
"8074_10",0.9634395164296594
"3906_8",0.9548984470008725
"9264_1",0.0365223141785952
"2160_2",0.053804766926577416
"624_3",0.8354841784365783
"3899_1",0.04389052736176347
"2181_7",0.05336320201232208
"7932_4",0.2330941565518894
"8278_1",0.058881657962398366
"7162_9",0.9805672328047897
"185_4",0.04041977002431202
"1997_8",0.8760297767132726
"7295_9",0.9561899607196467
"1083_3",0.849670263232222
"4678_2",0.039501488344279315
"4859_10",0.8523300945616741
"9091_8",0.987779126628328
"397_3",0.03831914956355047
"11157_9",0.9258508524949641
"11261_10",0.9137237020754664
"10828_9",0.9828163425387386
"2452_7",0.9573682907952255
"10268_7",0.9832236961825304
"10306_1",0.0357346281753897
"18_8",0.9793627340926586
"7998_10",0.9901410225741538
"8574_10",0.986439979739746
"2953_10",0.9864904196521298
"8996_9",0.9614759244029949
"7389_9",0.9875834886500846
"202_4",0.04460554006365196
"5612_4",0.1276513488306355
"9916_8",0.8863465914786122
"7606_1",0.03801951926710838
"1585_8",0.9589508576309383
"11803_2",0.11629439368965397
"236_10",0.9861318550153126
"7827_4",0.36435708574972236
"5423_2",0.08774507035249579
"3625_1",0.0565038489955874
"9887_9",0.989106649444838
"3429_8",0.9001822898539514
"372_2",0.040716376311604394
"1228_4",0.05025572584764623
"7891_10",0.844928442370559
"4387_1",0.03497936657869314
"6067_1",0.038653885212482426
"7822_1",0.038875943629345724
"10898_2",0.03483872197049448
"512_2",0.04231905174940856
"647_9",0.12247634301187645
"5361_4",0.05683931138564769
"8583_4",0.03654701228590342
"2858_2",0.05824872738603569
"4920_10",0.9850158343398103
"6857_2",0.036002606817168714
"925_2",0.03564065875007305
"2959_3",0.9438298490370761
"11481_10",0.1488942593801616
"10824_1",0.1096219443189021
"1577_4",0.08062702134778224
"2231_7",0.8608076012149918
"11545_3",0.07620039847830949
"1539_2",0.037042379552028264
"9657_4",0.04070330392227161
"10362_7",0.9820116642468419
"11131_2",0.03725338432061987
"9833_7",0.9815778902571896
"8495_10",0.9516326844296951
"11781_2",0.0869254107469884
"1056_8",0.969027160935974
"9402_1",0.036918907369989755
"6212_1",0.04256653758851179
"3151_1",0.036933700816214526
"5921_3",0.03962126314149228
"2198_4",0.04188259198583221
"269_2",0.8338995161567277
"11464_8",0.9867474852587185
"30_4",0.7923690208600558
"5300_1",0.03751410750897945
"2277_3",0.03579400171226025
"10410_10",0.8591978029185271
"5233_1",0.08229739842091646
"4336_10",0.8939747112995408
"3084_10",0.948039304517967
"2908_8",0.9869348520559963
"2814_4",0.08271397404556012
"8347_10",0.988988069162233
"2319_1",0.03447408639130017
"16_1",0.04043640437985921
"821_10",0.9147064601125743
"2793_10",0.9397274456355704
"9909_9",0.9566681582607217
"6934_3",0.8396377837649112
"9138_1",0.037615201467563315
"702_1",0.04559317885110835
"3886_3",0.07119556454762657
"8311_8",0.972268235736966
"9199_1",0.06046839856510192
"1254_10",0.9899798505635088
"6590_7",0.9582462250989501
"3040_8",0.9790543262282844
"849_7",0.923758138261268
"7555_10",0.993327884639513
"9668_3",0.09335999704723152
"10942_7",0.09846446166472451
"11343_2",0.6609419708972347
"7906_10",0.9405037244306768
"11671_10",0.9652102302494722
"126_4",0.07140760058999307
"9623_8",0.9916267223589239
"2872_3",0.03469037316590133
"11895_10",0.9881151140442408
"3245_1",0.03880108680564159
"6145_8",0.9904436776845118
"1022_10",0.9784417150213873
"6261_1",0.039330529490714916
"6888_3",0.8609004728984053
"12443_1",0.03538135255455461
"7433_10",0.9723516105583179
"6512_7",0.9532643480327296
"4161_9",0.8757639259109137
"6745_7",0.9739110827168672
"1993_10",0.8809531927180043
"6325_3",0.036493983782172536
"12484_9",0.9727198891348796
"2204_10",0.9897800017398719
"8065_7",0.9576997986299973
"1705_7",0.762049126910885
"9370_1",0.03663113751316234
"6150_1",0.06955023468509014
"3587_10",0.9840341697588355
"1906_1",0.047393400572665945
"5706_4",0.19952264503813455
"3854_9",0.9709004979967527
"9655_3",0.0447561633868339
"6736_2",0.03770577258717064
"2096_9",0.9616927972949819
"2846_2",0.11149474372657589
"11849_1",0.038783869296676446
"5224_1",0.04153175397672435
"2987_8",0.9155865188495554
"11058_8",0.9640759026147281
"2917_3",0.061903950145732786
"459_9",0.2263186007207147
"9418_7",0.9345170255977006
"5803_2",0.03960759958192295
"6742_10",0.9722108293479208
"2268_4",0.054682584834694965
"6832_7",0.1972682210790429
"4834_7",0.9822309357110133
"9532_1",0.9527031078446588
"8197_8",0.9652422112018602
"7728_1",0.037246757383111784
"1958_2",0.034365728970176514
"5380_8",0.8734972925488976
"4896_2",0.0414184102058231
"9529_2",0.04003001553034625
"3322_7",0.23041367727102313
"7629_4",0.8388363089741044
"9962_4",0.7652137323859103
"9277_4",0.04686701625928813
"1071_2",0.04410128232172894
"8266_2",0.041621280952407164
"6812_8",0.9374848329142175
"3196_7",0.7178377184494784
"3430_2",0.03510618869329223
"6052_10",0.9729748721201297
"221_3",0.035479143283088765
"3244_1",0.07534876898118906
"4846_1",0.03690743837616697
"2876_7",0.9232987567408003
"4247_4",0.03541443142514037
"11608_1",0.05809429730543832
"564_4",0.7650273357159256
"1978_2",0.039454841740684816
"4089_10",0.9499799096256714
"1633_8",0.9628606636975685
"8983_4",0.19987365679219862
"10909_7",0.9847695494836314
"8135_8",0.8452723875861373
"12238_1",0.038092153763447524
"9564_3",0.03943116207884739
"10174_9",0.9489568376707883
"1690_9",0.9195852424678375
"4756_8",0.9832969446974159
"10718_10",0.9798889472958265
"3489_7",0.9686817654046437
"2124_1",0.034235231167437596
"3842_3",0.03509569277277105
"2700_4",0.053159300801062404
"5960_8",0.9900347506440264
"6193_1",0.26202541350277503
"6719_7",0.9175551759135894
"7922_8",0.9697626322449825
"12132_8",0.8365161978710672
"10169_8",0.9896647868554225
"1486_4",0.10970022938602146
"8455_1",0.036185870345470356
"10019_1",0.029424916865976793
"7028_10",0.9859736231609535
"787_9",0.9871708742712086
"2414_4",0.05582752707909518
"7182_7",0.10467917547533609
"5548_9",0.8976095110521441
"3963_7",0.15525578721659666
"1584_7",0.9061715826564184
"6825_3",0.07992228429843351
"6588_3",0.05702323989401504
"10573_3",0.08048261910045772
"6693_10",0.9911166737847297
"5541_7",0.8899822099365593
"12053_9",0.9892870950453411
"3662_9",0.9885777474504028
"6829_10",0.9859755347719815
"285_10",0.9647511093752601
"1270_4",0.7484226450426796
"4320_10",0.8667961755350052
"1333_3",0.03561693378193051
"6618_1",0.8913299126975689
"10119_1",0.050740179954716566
"2886_1",0.03839166009722377
"8811_7",0.9743133860928784
"11087_9",0.9820403188172941
"3436_8",0.183478403297144
"10479_10",0.9841779834841508
"8365_9",0.9763808008386803
"12140_8",0.9820494687025723
"6981_7",0.9411723298246659
"10447_2",0.03606640840260991
"10352_1",0.03378848678515555
"943_8",0.7389261722616944
"513_1",0.04141398557887389
"11192_1",0.04947607858245178
"587_3",0.07375247816748359
"3420_10",0.9841954065571047
"10030_7",0.9281685921204204
"3026_10",0.9258990346784033
"3145_1",0.12854247745529626
"2230_9",0.881994611173892
"5193_1",0.037087331187308586
"11337_8",0.9875928577197236
"3601_9",0.9914148373326731
"3628_10",0.9747503337567085
"4952_10",0.9416128769401502
"1775_10",0.2264659904889898
"8141_4",0.042412133878585015
"572_3",0.09355278210207138
"6732_3",0.03699234261533473
"4274_4",0.06446766295983156
"5892_3",0.8619393256387142
"7035_10",0.9907016252409678
"5354_4",0.04385004799964681
"4264_4",0.040816702024260035
"8151_9",0.9860775168924942
"376_2",0.0360750605112666
"5352_1",0.03740855670097272
"1365_8",0.15118801851530647
"8272_10",0.983005774697953
"6942_4",0.052204455860281926
"9067_4",0.09659115959783338
"11428_1",0.037403479341688944
"7308_3",0.7451564137456794
"8349_10",0.983150025006237
"11336_4",0.2444739644168438
"551_9",0.9827647559940935
"4721_10",0.9883083365113032
"4862_1",0.036747238082294825
"5469_4",0.07093513526296402
"3834_10",0.9912451441098383
"4717_10",0.9920211021891656
"4202_9",0.9623051709619075
"5335_4",0.9651686245716686
"7587_8",0.9717519658051537
"10827_4",0.08596643788893218
"3432_1",0.033622444995163946
"6110_4",0.8671150598265497
"5618_7",0.9453966402496639
"11808_1",0.03636842398379384
"9293_4",0.0907841752474567
"2163_8",0.9302215550722204
"4802_1",0.07467111763137851
"5476_7",0.9800032986432416
"9991_1",0.03507647068790213
"2681_10",0.9912550000558775
"11728_2",0.9709032591396138
"1466_8",0.9854848495373436
"4853_7",0.9738876599558945
"3668_9",0.9095437083754294
"5334_7",0.9834328947506777
"12017_8",0.9760657952727219
"2046_9",0.980688551126407
"2652_7",0.9688543429923967
"2250_8",0.9621266395565213
"2253_1",0.03578297939127074
"9733_10",0.9456423519229591
"3_4",0.9482457081583231
"6129_8",0.9666277972250873
"6858_3",0.07593050805088489
"371_8",0.9572579917794326
"1111_3",0.03679987316203695
"12330_1",0.037737456294203255
"3219_1",0.035900091567074785
"11372_9",0.9538494912689953
"1434_4",0.0449493031933563
"8232_7",0.9520974875883492
"7883_1",0.03632605524937805
"9151_2",0.8510181112032293
"10574_3",0.043532331325677076
"9376_8",0.9869779754843802
"7737_1",0.2632440010656892
"7410_8",0.9734070352651059
"10488_7",0.9514455786538105
"5906_10",0.9720390191307046
"5308_10",0.9705853601420301
"11266_2",0.03789539400040592
"7627_1",0.05198886129929113
"218_3",0.03746012428151742
"9031_2",0.039148483781855745
"3427_10",0.9884025430543975
"8532_3",0.03444200891061431
"6588_9",0.8759155512043341
"9744_1",0.038945715736978144
"3061_1",0.0354383656515141
"11668_9",0.956747825863434
"9331_1",0.034271620040647856
"238_9",0.967775615520498
"10593_8",0.9160931432080969
"4441_9",0.9785178475615747
"3717_3",0.036822391216833755
"5618_4",0.057553048757092336
"4353_10",0.9116556443526888
"1268_2",0.04412519431178335
"5178_3",0.05023353494712121
"2991_1",0.037995170276351756
"9976_9",0.9788475135614076
"7891_1",0.03737486423045302
"445_3",0.03726143650418799
"11158_7",0.9367603311293979
"10328_1",0.03923163838464811
"9137_9",0.9846277163457381
"7399_2",0.04437403248076277
"1187_7",0.7772965067876452
"10642_1",0.039748129412349543
"3939_3",0.04018394330519495
"5310_9",0.9866460067656572
"2087_9",0.9256868031258039
"57_4",0.03968710707901117
"4645_10",0.9823577765257532
"1734_4",0.15010950628069866
"8924_1",0.0352653330166771
"4418_3",0.03802881667948854
"9403_1",0.034840220847282846
"12065_10",0.9866443067174375
"6763_3",0.07397710305908223
"3882_8",0.8953930616787391
"7286_3",0.03691549093978667
"9259_9",0.9803471323837963
"5134_3",0.046518278123850114
"10166_4",0.8983560301692753
"8362_3",0.8766011561211506
"9701_4",0.29409361170148907
"4227_7",0.8985413619264203
"8483_10",0.9600340204601264
"6002_3",0.034955612184899926
"5815_9",0.9754446998391963
"9385_10",0.9155568965370705
"11047_1",0.04448154295482886
"6306_1",0.03968957465686322
"9141_2",0.03907475069796186
"4594_1",0.04127362450986132
"10471_4",0.08687645398168618
"48_9",0.9821109522312965
"8133_8",0.973818525181275
"8493_1",0.039133177566600175
"3425_8",0.8493094024017609
"5731_9",0.9756321478612904
"4373_10",0.9200106992484275
"4366_10",0.9669687551154107
"6123_10",0.8454510265457803
"1430_3",0.03513929655743056
"508_7",0.9038810300857959
"11600_10",0.9833396678724242
"11767_8",0.9772989304475468
"1597_1",0.034427633702106664
"7257_8",0.9619460071776311
"244_2",0.03462321770235351
"116_4",0.14693993540767003
"7856_10",0.9225529791320973
"7640_9",0.9846898341583252
"10956_8",0.9798447305666516
"11002_3",0.035752337421663255
"11666_10",0.9891954237027794
"7683_4",0.17651481955924658
"10846_4",0.04081892585488825
"1317_2",0.08224185580472992
"5_7",0.9580678786518392
"8526_2",0.03678582232394616
"1526_7",0.9692800660785055
"3144_9",0.9840401314548525
"241_7",0.9898310369343484
"8953_1",0.0375285909955845
"5919_8",0.9815976229215
"7983_4",0.06432539628674469
"5222_2",0.03333452434866876
"1662_1",0.04529677707272604
"5830_10",0.9757975994589042
"859_1",0.0933863552353656
"10761_8",0.17804735555769485
"12037_7",0.9360284636478376
"2629_10",0.9871827809875415
"1019_10",0.9270373839586223
"11270_10",0.723845926736495
"620_8",0.982738012067961
"6718_10",0.961120206035848
"1402_8",0.9449171204609654
"6804_1",0.035860680935199715
"11743_1",0.054616936420839333
"3117_10",0.9324902508851132
"7441_9",0.8621467858227498
"4553_2",0.07017298505077478
"5182_10",0.9662564932660839
"81_9",0.8793971516311473
"8343_10",0.9123183156264816
"2030_1",0.03449388203295657
"7866_7",0.9404928716658528
"11132_1",0.0495166247848805
"879_3",0.037100001762144647
"6547_10",0.984419210879518
"11166_4",0.03911196103017897
"7427_1",0.03919146526075718
"5848_4",0.08912863867298042
"10734_2",0.040484800823647894
"11263_10",0.9762511113823376
"9761_7",0.8986301259733253
"7582_10",0.9089432699796436
"3849_1",0.03439160844464642
"8242_10",0.8758166801908887
"309_10",0.9899761176311563
"5492_1",0.040334953916611814
"4294_2",0.8288927591098987
"7222_7",0.10392796547247622
"3365_1",0.03541077108327949
"11084_7",0.9116524346315497
"50_10",0.9870805359101591
"3234_1",0.0957627668003918
"10155_7",0.2686676951396303
"1181_1",0.035336296002354266
"1505_3",0.037765448471690666
"11926_1",0.03664064967805102
"12174_3",0.04794508528552761
"4589_4",0.040249651785300176
"12421_8",0.99410320432616
"1079_8",0.9884920787510628
"4852_8",0.9624675943238727
"11753_8",0.9456516855315392
"11257_10",0.9846195487505878
"8270_1",0.03646953900342736
"7690_3",0.04208365465651539
"12354_8",0.10813260598868635
"11419_8",0.9907453509026275
"7587_4",0.26017084773319066
"818_9",0.8166522060672528
"10431_10",0.9796022754027074
"12056_4",0.08010939292092903
"7595_10",0.9867437169801591
"2601_1",0.10182825720642881
"10022_10",0.9872780592191509
"4124_1",0.04428004186441896
"11573_10",0.9874409487481739
"9868_1",0.034840758055402266
"7093_1",0.03989823402191212
"4993_3",0.03412753642635955
"3192_8",0.9814047704286446
"8269_10",0.9847189435436059
"5767_10",0.9787201509170473
"8440_7",0.9409859503984495
"1038_10",0.9506541647519096
"525_9",0.9887292931928127
"689_3",0.034349913471059854
"10989_1",0.03679077356265914
"6166_4",0.11739175469901833
"6452_10",0.9619524536180943
"3217_1",0.038021900445531304
"11629_4",0.0658672462496269
"4338_1",0.03789242579013193
"2822_1",0.0988373976831755
"11252_7",0.03848653107881542
"11097_9",0.9819660857895772
"7124_10",0.9863841245617326
"261_3",0.033909366808327526
"7828_10",0.978973531128129
"9030_7",0.852206941577924
"9723_2",0.06505906164626604
"6924_9",0.8173673948145384
"11945_4",0.9565330236454865
"11811_2",0.03564733734655902
"3115_8",0.9712105646963188
"4381_9",0.9845240809185188
"676_1",0.731193302542053
"8002_9",0.9767262837229763
"9209_3",0.09331292407498389
"1677_10",0.9402231381268247
"7094_7",0.8647451236735717
"12193_8",0.9080830567352516
"1227_7",0.03607432999889373
"9186_10",0.9853901486138219
"6117_1",0.04151309433914964
"8621_2",0.9560689629584298
"9729_1",0.034286527731683066
"12239_7",0.16306976671519763
"2465_2",0.03873972616611974
"4360_10",0.9879325725203489
"10538_1",0.03901714274553272
"3439_4",0.09003758131322592
"256_10",0.9533990961285737
"7114_1",0.03617646724597269
"3206_3",0.03474581991533752
"229_10",0.16590805020396535
"7501_3",0.038937565487304066
"3639_1",0.056303366707419075
"9751_9",0.9875016202821465
"8277_3",0.17074227037374545
"5276_4",0.04311700181381454
"1804_8",0.9847358509415287
"8497_1",0.040679614375338784
"7742_1",0.03432623295187805
"9755_7",0.9702765398959162
"8429_8",0.9332145309604588
"769_3",0.8729671414314029
"7452_10",0.9846487110761925
"1004_4",0.8747407769758054
"6393_10",0.9705207599273387
"7457_1",0.06002975863936488
"8182_10",0.9486785033030106
"11589_9",0.9897797471652845
"4718_8",0.7172757995775831
"5315_10",0.9752968242002525
"9927_3",0.1319193195854147
"6391_1",0.03730172747835071
"532_3",0.05172312061944075
"10544_10",0.9495244523700996
"3576_4",0.10714095784692329
"5420_4",0.04914452685655575
"7140_10",0.985106693358866
"11018_4",0.03683789618102015
"7443_8",0.9854358538647621
"7399_9",0.9624541118952651
"12129_10",0.9174207540894141
"6876_3",0.03863096535292745
"9227_1",0.8397942910207256
"4983_1",0.03872704348126215
"2502_1",0.039777548608495646
"2584_9",0.9877769503395285
"5637_2",0.03628041440592356
"6497_10",0.9892449449907164
"8464_2",0.036883509922922844
"2070_10",0.17815365894816607
"4574_3",0.053856748053161284
"1642_10",0.9174650229249505
"356_9",0.9887825073100049
"8052_4",0.9761971750430787
"2457_10",0.9619086695704134
"6322_4",0.043594950724952536
"2218_10",0.9730407813395195
"10669_7",0.9171010844873941
"5296_2",0.03575571942328816
"1118_1",0.03673950648666173
"8588_1",0.03784284209397527
"12348_10",0.9785071637559449
"7990_9",0.9826327025586834
"819_7",0.1043385067496658
"10552_7",0.09142318464198207
"9126_4",0.03911345374591477
"11190_9",0.9092434481613504
"6696_2",0.04930375394704922
"4906_10",0.94727059680336
"6809_4",0.2348221821944413
"10032_1",0.037777577746947504
"2694_10",0.990532855855463
"6411_8",0.9791562307980047
"11967_9",0.8258970593373147
"10190_1",0.035568063235887064
"316_1",0.036030663876910576
"5644_9",0.9708208579271923
"12083_10",0.9396284213688144
"9280_3",0.050596585420862726
"11735_2",0.036307231220203386
"5219_1",0.03709873852795212
"6810_3",0.036400995790941734
"7817_2",0.03673753628483494
"6753_9",0.7688471817762879
"16_8",0.9814494759957553
"3908_1",0.03817605200262941
"11502_10",0.9903703695129531
"523_1",0.0349271252781049
"11213_10",0.9792940404057946
"5058_8",0.9828568596486591
"3290_1",0.03929860308851582
"2954_4",0.8085939200742187
"7148_1",0.06020409076408924
"4455_7",0.883541931445051
"1873_7",0.8691316806648726
"4796_2",0.07996362335629889
"6317_3",0.8863658967350803
"11153_10",0.9859714114385212
"3319_1",0.04232113014685358
"1247_9",0.9950578969917686
"9119_1",0.02911901579688669
"7904_10",0.9738902910899676
"4892_1",0.04161059516179135
"4608_8",0.9889620577880569
"4756_4",0.03520976460908795
"230_1",0.838079649107198
"6730_1",0.034795850618481984
"6639_8",0.9029142231154339
"1726_1",0.034536881867233506
"4540_2",0.038915011758388116
"1898_1",0.04008762704915519
"877_1",0.04337141350103657
"10416_9",0.9890448059115057
"1359_2",0.040522667001145055
"8886_1",0.03514998355967348
"553_1",0.044767436537282955
"5252_10",0.9491669845495072
"8808_9",0.9778263409506385
"8792_10",0.9780883931514137
"11723_10",0.9882608418411745
"6977_9",0.06095742774524367
"5050_2",0.040563854828501285
"6413_8",0.9128160828580936
"9880_8",0.9863669695049054
"5827_10",0.9881982260090006
"5271_10",0.9532468478694298
"12231_2",0.03794795336477353
"9913_1",0.03734783316323641
"3058_10",0.9579124525199127
"1278_10",0.195381786555044
"4923_9",0.9597430319943103
"4662_1",0.04984090530628788
"10857_2",0.07773798532589478
"5033_7",0.8868399615202379
"7681_10",0.9922326382682325
"8916_3",0.05105415822716304
"10603_3",0.05418706148249522
"8940_3",0.297307411919106
"2381_1",0.05155909652654609
"9188_8",0.9650286915669664
"5290_8",0.9845641743267478
"6746_1",0.7742019945554008
"1001_10",0.9891402603023149
"1190_1",0.03547559060984114
"1858_1",0.03506329190975542
"5645_10",0.12457128997511889
"3021_9",0.970769236056176
"9801_2",0.04306712635180278
"2498_4",0.03480994513480976
"7972_10",0.9868384140268769
"1200_1",0.04017745982093396
"9626_4",0.0937934144849525
"11750_10",0.6821627866728437
"9571_10",0.9857467942261924
"11593_10",0.9888252117055603
"4432_10",0.9822814596979333
"10324_1",0.03454132941869299
"9123_10",0.9154201807418886
"10155_1",0.03691308192694077
"12237_10",0.9892030843642751
"2828_2",0.03668083940994997
"6375_4",0.039000905734526914
"8264_10",0.993976298514756
"6131_7",0.973831120455489
"2950_10",0.9859304049765379
"3584_1",0.03504041770023783
"3077_9",0.9888813555091661
"8867_10",0.975652350499675
"4189_9",0.9505561179742029
"2297_9",0.9062906321765591
"3607_8",0.9367564936516283
"339_10",0.9440675689856187
"6450_10",0.9861939430623413
"8537_9",0.9547036782655925
"5663_10",0.958550087766854
"7179_10",0.9833116890380833
"1929_10",0.9670187334366689
"7363_10",0.9399726719515218
"7073_10",0.9745829095173935
"8472_10",0.9777054395052028
"2397_4",0.06492168472237499
"5710_3",0.04137204605078195
"12429_1",0.035315312586677854
"4841_9",0.8098056161787237
"5819_2",0.07469378749704428
"7112_8",0.9396604138356723
"1087_10",0.9910937957762053
"10766_8",0.9645458521714082
"10675_8",0.851863572972228
"11953_3",0.03759131065438933
"1927_9",0.9537502799832729
"10455_9",0.9543145409363607
"451_8",0.8180346846332286
"10796_8",0.9543043766789235
"5288_7",0.9881024702580896
"4368_2",0.035281602706206
"10456_10",0.9813787777720369
"9981_1",0.03926991997990267
"11403_1",0.042233443727657444
"5219_7",0.8373539809535284
"11929_4",0.871765221006634
"5481_10",0.9915619963110183
"3829_4",0.04521478449793448
"11367_4",0.04388408781780133
"8154_10",0.9777683102961067
"2754_2",0.036424808430479884
"2299_10",0.9887587070376301
"8868_1",0.03777631011625847
"4566_10",0.972573625747659
"6688_1",0.04988571064490602
"2666_4",0.07016677364696375
"11892_10",0.9874756090332244
"2667_10",0.896974057717231
"9244_9",0.8466003179785319
"12498_7",0.1164682490963968
"3493_9",0.9110656310798031
"7565_10",0.976480531316994
"2916_7",0.9502610702566774
"12473_8",0.9511072936868906
"3142_9",0.973404559009917
"3289_10",0.9946371590604741
"11159_10",0.9726855309988278
"8428_2",0.044982348786169496
"4152_8",0.9589156407781967
"10754_8",0.9652320576720967
"11718_1",0.03471608874943875
"5408_1",0.03438450608619051
"5686_8",0.9670943002921014
"7479_8",0.9850290238099351
"5160_10",0.9548857773100881
"3138_1",0.03559198788274163
"10343_9",0.978923396028327
"9524_3",0.06835541243029257
"7794_1",0.038394222151163004
"5433_1",0.12923305691620615
"3380_8",0.989283565754889
"7222_3",0.03615163517585239
"1751_4",0.9549685094358836
"3914_10",0.9509732512200944
"8022_3",0.06618394086271527
"3975_4",0.12327603594051548
"8177_1",0.10343461800828847
"5670_1",0.048896752381116265
"203_10",0.9806313460530731
"4315_2",0.035286644208654634
"8296_8",0.9857079508491421
"971_10",0.9619472200337038
"12018_1",0.039107389873199026
"3714_9",0.9662833726443318
"4342_2",0.8480513024818752
"4965_3",0.0695605872831746
"5126_8",0.956216829604986
"10686_3",0.04893987754282264
"7290_10",0.992373423236663
"8474_8",0.9802258000840669
"7633_2",0.9193557010157222
"2226_10",0.11362550561716384
"1436_9",0.9563641313184295
"813_10",0.7971792260878109
"11865_7",0.9005407268800399
"4937_9",0.9805429805169394
"4613_9",0.8077335501615707
"8129_9",0.9537231054575711
"2376_4",0.8489633221665985
"6861_1",0.037673702820531355
"9104_2",0.06056653626105367
"10590_3",0.04024502954440776
"11021_4",0.035634978964197296
"9480_10",0.9672695521385866
"12212_10",0.9160932831504193
"11766_7",0.9813523936595783
"5356_7",0.811350221093494
"9572_7",0.9907877262105692
"3264_8",0.9685105327170369
"11794_1",0.036391321288616635
"11739_2",0.061415062064412995
"731_8",0.948851423963789
"6278_9",0.7583334056884188
"625_10",0.987965005714958
"7252_2",0.06061517209484457
"5171_10",0.9889823746208017
"9149_3",0.042411992767326476
"10780_3",0.03585734846052249
"1568_9",0.9782919555867122
"7291_9",0.978418502229387
"2288_8",0.9861440368759553
"3126_9",0.9789793896896202
"3352_7",0.9845545642508983
"9455_1",0.030695144571577796
"1709_7",0.8728639602223057
"9309_2",0.03434766675285351
"994_3",0.12069918650643655
"4173_10",0.9210204869920517
"113_3",0.0398855606605246
"10472_10",0.9860771656301446
"7193_1",0.03454847856313761
"9978_3",0.07937877157185946
"783_8",0.9417589011335816
"7585_10",0.9766020454268723
"2135_9",0.9011380196546646
"10887_10",0.9848446660250242
"4075_2",0.03937521947617743
"10521_2",0.03839826082569894
"844_1",0.11398159100133529
"6691_3",0.03714445786813904
"3879_4",0.059141434865109484
"3511_1",0.0454627842449769
"332_1",0.8730437410698054
"7398_4",0.03836254138072196
"1845_1",0.045852821204974664
"3890_3",0.12499291090481376
"3781_9",0.8586473861993787
"3723_1",0.037466369282096096
"2908_1",0.02901833880047141
"7625_3",0.035979693647462146
"6310_10",0.9824502353623626
"9432_4",0.882916231857737
"1820_10",0.9890721695488109
"6809_8",0.986203800641509
"9911_1",0.041545378343948475
"12001_8",0.9207650092603712
"7266_7",0.9684768957329257
"263_10",0.9721769732954554
"2109_3",0.04537815528111598
"7293_4",0.07082917875942477
"8874_8",0.8516042044690537
"2143_4",0.9637686130407939
"4307_9",0.9899747519968547
"4176_1",0.03674959994828291
"8369_3",0.044891381347811295
"12317_1",0.0361437886486061
"1687_4",0.03709994701096162
"12082_1",0.037303402556511586
"3396_10",0.9722689700613791
"9129_9",0.9645027905271101
"10090_10",0.9835932902076339
"11841_1",0.036586134745469755
"12447_4",0.05385475694668661
"11624_10",0.990656218426915
"8624_10",0.8737476877711814
"9290_1",0.05274985609241676
"1108_8",0.8060127221346878
"4300_10",0.9453260014014193
"2553_4",0.261873710105031
"10550_8",0.1489921760583582
"8884_10",0.6791875609629265
"6760_2",0.036145006404951614
"1177_3",0.8750401789338149
"9939_2",0.07346672573006803
"2100_7",0.958991869450281
"9677_1",0.05651586733411701
"2511_4",0.04034509752541089
"4115_8",0.9904617252294823
"437_9",0.9808654570837853
"6698_10",0.9428324421612321
"11049_9",0.9832241335006678
"10168_4",0.03699954860633276
"8071_8",0.9741481886218863
"12474_4",0.8390235238679542
"3775_10",0.9835841108966181
"7478_10",0.9086050871002675
"4312_8",0.9361633480911672
"3105_7",0.9785425082167021
"640_9",0.9838118130156559
"6891_1",0.03418789326124205
"1849_10",0.9854265777690164
"8528_7",0.9796561154862087
"9032_4",0.10081980343248284
"11743_9",0.9856313873503674
"2813_10",0.9407260666056094
"846_2",0.04055344725077428
"3695_4",0.06643766393762406
"5972_3",0.03444812483733415
"4831_1",0.03586452079372836
"11826_1",0.03830789748911706
"7684_10",0.980692147547262
"7042_8",0.8697091906458871
"10247_10",0.9713100072298182
"6766_8",0.9689081617550123
"2091_2",0.035920205925843676
"5108_2",0.0394560201173897
"10644_1",0.03617979518631461
"5955_2",0.062414737208213764
"9451_10",0.952129919442207
"11518_10",0.8957585068001251
"3871_1",0.0392731301487327
"5013_1",0.02475131472377086
"5056_4",0.04644881829631441
"3688_1",0.038954971624887876
"2325_2",0.14905857297842787
"6330_4",0.03954753912910653
"8783_1",0.04163044620583335
"3848_3",0.0370931469255615
"5901_10",0.9802057215528184
"10947_3",0.18693958842283076
"4590_10",0.9834150667773799
"4337_10",0.11293744982925799
"11029_3",0.1918632749316468
"10980_3",0.835028529481637
"165_7",0.9428644528952296
"474_8",0.9901890593270876
"3175_8",0.9731165361280426
"11764_1",0.04062784640069235
"2164_7",0.9257937380046886
"8891_8",0.9551056545652694
"8294_9",0.9695379015160218
"6602_7",0.9823821724590288
"8187_8",0.9738467530824133
"2609_2",0.048027953020462186
"6506_8",0.990890984834084
"2207_1",0.03610440835856567
"2467_9",0.9591906104387289
"7440_1",0.03669123471897689
"6417_8",0.9130420916746456
"12278_7",0.9530558746795443
"4495_3",0.8671252987989353
"8223_10",0.9894749265981574
"3659_4",0.08635899146449297
"1120_3",0.03849508765837172
"9713_3",0.03534076333898353
"808_10",0.9774489574666284
"11164_10",0.976141226685735
"3536_10",0.9820204409767875
"10930_1",0.034039956030903325
"6868_4",0.0378250074422959
"2248_1",0.03790598767324595
"3624_4",0.07034174905120336
"1442_1",0.03446088334698215
"10167_4",0.04609626365389398
"10645_10",0.09455248251460964
"4414_1",0.047314159106105105
"6409_2",0.044114042790028875
"10486_1",0.051674553108220486
"2983_7",0.9873507564084855
"4985_4",0.06633489158553221
"3566_9",0.872492258906309
"8340_4",0.13289872974310765
"10246_9",0.9845797293873401
"7380_1",0.8082157372366804
"12381_3",0.06253346325157719
"11723_4",0.04166153505303119
"7478_1",0.03928581238487904
"900_9",0.9867933682027603
"3364_2",0.08984605185105816
"6570_1",0.05399999697888429
"9309_8",0.9847454418997927
"6044_1",0.03684544554440791
"9261_2",0.036682200311311045
"5690_8",0.9570357223574582
"5326_2",0.034236807543522006
"11179_10",0.9841802944775705
"8908_1",0.03705887772842059
"10224_9",0.19183623765715302
"7318_10",0.9829474093740194
"11098_8",0.8521800460947342
"10120_1",0.034272366168659474
"4561_2",0.19830766073011505
"4409_3",0.040133915812898914
"4301_9",0.1804179413205318
"9254_3",0.037106552024540586
"10717_9",0.9609681645181264
"10619_2",0.14867267534117234
"5924_1",0.1758082747174652
"11657_10",0.2810937027943979
"6373_4",0.1512031813373676
"10469_10",0.9782174708642768
"5531_9",0.9084601322843032
"1089_10",0.873567228261767
"5082_10",0.9674832797670812
"4267_1",0.039854592864359314
"3006_10",0.9807406941173772
"9318_3",0.041442380692056954
"11877_1",0.03418495833163127
"7274_1",0.06735078209858039
"12450_7",0.979870068854303
"148_9",0.8797853277152645
"10353_10",0.14374349416075424
"1368_8",0.14501701600685335
"9408_7",0.9513710063930234
"5739_7",0.8486394099767528
"7036_10",0.9805883725301165
"11554_2",0.0602955105914757
"4601_9",0.9358417306434496
"10376_3",0.11076520345036964
"2486_8",0.9851305717285023
"5745_4",0.04900697001322765
"873_3",0.040531121466392074
"7009_1",0.22398674409109082
"542_7",0.9680034954479084
"12008_8",0.9880805380924794
"8040_8",0.9879434182610769
"4048_2",0.03683748330926884
"4895_10",0.9899276115367762
"11789_9",0.9909155320311884
"5084_7",0.9692040959868087
"9207_10",0.985229425510266
"923_4",0.855573170158256
"106_3",0.04386598102910912
"1125_1",0.04401777053472678
"839_10",0.9681694416011494
"5285_10",0.9668837054830639
"7444_7",0.9080962080837495
"1566_8",0.9856782641573185
"3285_1",0.035541830465527766
"6203_2",0.03576965949625979
"11147_3",0.14358830778796508
"11152_3",0.04056622347836256
"3335_9",0.9296738840386712
"6689_1",0.034222261296436185
"6557_7",0.9591763350100351
"3362_10",0.947993691567791
"101_3",0.04908111791876823
"10692_4",0.06163472844905646
"4462_7",0.8324973482329372
"265_1",0.03841946012005391
"1369_3",0.20904562403947452
"9112_10",0.985034049903491
"7870_1",0.033871579833871734
"6102_10",0.9284264793811747
"3973_10",0.9873783506128724
"8232_1",0.041502655431533024
"3177_10",0.9586929919720631
"11598_10",0.059591304911091963
"882_2",0.0452622048727219
"5660_10",0.9650400276851203
"1685_10",0.9680965420918703
"2064_1",0.03856942608272668
"2296_9",0.9496603447997396
"3648_10",0.7596011579377064
"5486_4",0.04974662597510096
"2496_8",0.8080665659861361
"9579_10",0.9551564122546214
"10776_10",0.9722557517053884
"5889_10",0.9772614479698453
"8292_1",0.038652614570417014
"10547_3",0.03616121465088591
"10415_7",0.8163450086227547
"10741_1",0.039419040978246694
"10196_1",0.03527196199792126
"12155_2",0.03745842520250675
"2224_3",0.05659800129399771
"10356_7",0.10606951566269432
"7202_1",0.03591710130165034
"11973_10",0.9720802299693614
"1792_8",0.9602200007340681
"7894_9",0.9702953154330929
"11413_1",0.0767596090165522
"10596_10",0.9698238222082864
"2462_2",0.071024152378647
"9451_1",0.03866112619674845
"2895_1",0.06737256518702096
"2513_4",0.20712347901390676
"11950_7",0.18714034915816358
"10566_9",0.9664815905988435
"2209_4",0.0462929013824556
"9292_4",0.16162047838811
"5575_8",0.9847355788505318
"1688_4",0.16994547016568237
"440_8",0.9379630427610082
"6324_10",0.9892430815623017
"8296_2",0.038376058357053815
"9460_1",0.03707117424503692
"3992_8",0.9856093276687036
"11425_10",0.9881057832938978
"147_4",0.09800065029889186
"2897_4",0.06032803148487179
"6214_4",0.05601412188124321
"11157_4",0.041528906522374565
"4204_8",0.9876367502671947
"7255_2",0.05084462091923598
"8435_1",0.09352419592452743
"11354_2",0.03545354830427426
"2136_9",0.9763178133538835
"295_1",0.7707542493491022
"335_10",0.9862362692899138
"8791_4",0.10796389664209556
"2817_1",0.049951079483273104
"1629_8",0.9558648393000267
"6826_3",0.03592419208318256
"5550_8",0.9549306766095299
"3572_10",0.980975233700029
"4543_10",0.986693581561693
"2789_1",0.03874160691766645
"12288_7",0.9103672019193
"9769_9",0.9764471620562352
"1257_1",0.1497921419599778
"6180_10",0.984105243389914
"8881_8",0.9516997498500125
"7075_10",0.9865216383715285
"10254_1",0.03917586593377225
"12214_10",0.9297702517953955
"829_10",0.9520292127509254
"5633_8",0.06538375726707815
"6202_7",0.035831138965597475
"4843_10",0.9701420622392676
"7564_8",0.9779158694616208
"3539_4",0.6901424156944993
"9634_9",0.9613396467648601
"7578_9",0.9902166788122746
"6642_9",0.98931619115752
"3438_8",0.9769137719007731
"11407_4",0.042529710919738735
"9891_1",0.03671110877353618
"3875_4",0.03489397733716422
"6447_2",0.03913975974028267
"5027_8",0.9910300553208573
"11415_7",0.8358988433668705
"7762_9",0.968229665462201
"7263_10",0.9877182776522707
"6556_1",0.2067004099449928
"5491_10",0.9867001175434006
"3418_8",0.20456011229775378
"4137_1",0.13913750454179372
"5519_7",0.9618574302053815
"3435_9",0.9704367517381468
"10199_10",0.9688026477523524
"5212_4",0.08840508993198123
"11891_10",0.9839434650220706
"4989_7",0.7899600847293591
"2883_3",0.06624838446194241
"9154_2",0.9523361383973022
"8384_10",0.9780506062656046
"4082_10",0.9852522415701672
"4334_2",0.037298378935974555
"5652_10",0.9517341543401249
"4544_2",0.05317702254482528
"4987_8",0.907573186586874
"9648_3",0.07267951659323665
"10755_4",0.8020412310893382
"4386_1",0.038345403098211696
"4619_4",0.10101004392633882
"5860_7",0.20465575062330715
"11492_1",0.04074924431541428
"2126_9",0.9898358033166599
"8355_7",0.7741162977153708
"6560_10",0.9540311814300351
"4026_9",0.9747892437777078
"4019_7",0.24216169917671782
"455_10",0.9917713384527833
"6637_1",0.9855290513069631
"7490_3",0.045994484313087725
"10533_10",0.11075758292538757
"7417_7",0.7845170662448071
"3392_2",0.03562729486215527
"460_1",0.07856562168494544
"5364_10",0.9886819723269752
"234_7",0.9898472516732992
"709_4",0.06177245974542321
"2753_9",0.894504628509083
"9434_10",0.9663232131485688
"2835_7",0.981618955356924
"6849_1",0.050498028178396
"11186_3",0.039224148502140906
"10902_8",0.9830875115679719
"2617_2",0.040755247984545294
"7423_9",0.719927229810468
"4699_1",0.03641885474323608
"12312_10",0.9543040303420742
"6185_4",0.09505363728230834
"3742_3",0.04256704399498267
"1314_8",0.9699694295928851
"7985_1",0.7547681919225839
"3669_4",0.18925632710759172
"2791_8",0.9820035418671511
"2295_8",0.9887121548232829
"12111_1",0.0942610730848335
"11827_10",0.9777154217967841
"10191_1",0.04331812120083622
"5264_2",0.040319967367410586
"11002_8",0.9863898790281577
"12423_2",0.03458787127629854
"3551_7",0.9206985298355447
"10804_3",0.2264341407956182
"3670_4",0.839026425483091
"8408_10",0.9848048797851288
"1307_10",0.9878809915965778
"10906_10",0.8880652341102608
"4039_2",0.02329248593532932
"1010_9",0.9908349498399895
"8764_1",0.03531021256983329
"10894_10",0.9904235892024877
"1249_1",0.03681774925287795
"1844_9",0.9920250318768328
"3252_9",0.9727707726926035
"12272_1",0.048768767967991074
"5599_10",0.9909816957814269
"6265_8",0.9856884882675585
"4497_4",0.2404530072153812
"3925_2",0.039069350643088425
"7935_9",0.9846490915658611
"12146_1",0.03421735099723693
"2345_3",0.20945287768983548
"11171_10",0.9890308553441878
"6726_1",0.03450028373600379
"11129_9",0.9573296833379328
"616_10",0.9515346473257953
"11349_3",0.05847301867543051
"2485_10",0.9776359326245522
"3212_4",0.041414799125235574
"5578_10",0.9922465370330176
"2252_9",0.9848256226458603
"11643_3",0.03701503946262187
"12081_4",0.04330763208714505
"4104_10",0.7734103292716481
"4504_7",0.9611922380915877
"6354_10",0.970203242509304
"12118_8",0.9804719581113575
"9680_10",0.929193902758738
"7173_10",0.9797046198036822
"1965_3",0.046637823436120746
"2674_7",0.11551734854345172
"1425_1",0.03688695151575508
"4017_8",0.9896670992889963
"3835_2",0.9173451907727626
"1335_4",0.03698147674136144
"627_1",0.04923251238003734
"8330_3",0.8898369551955514
"8907_1",0.036582813954527574
"11801_10",0.9479901713476637
"3231_1",0.036283851174397086
"860_4",0.04116540986042243
"2902_8",0.8611834226337299
"11550_4",0.07853581106197262
"4944_10",0.988744787868789
"10190_10",0.1186561131755236
"4090_3",0.03519978788388094
"3863_1",0.03869864072701288
"3904_9",0.9941181016308295
"917_4",0.10478667321071747
"5540_2",0.03549356908387631
"9183_7",0.9333670408027495
"2570_4",0.044103664551045835
"11868_1",0.04078077047562083
"7438_3",0.09633240549157383
"10484_2",0.03579610925410739
"1988_8",0.9925870537503456
"46_2",0.04557952951886926
"6624_4",0.045545536803694
"4666_7",0.9386133556096818
"11479_4",0.07559816947667919
"308_1",0.03535069071716188
"5400_9",0.9543529705097002
"5258_1",0.03922752734332055
"432_3",0.03551521847840056
"7245_1",0.04736104822780716
"7082_1",0.2099789014943476
"9698_10",0.9595404542317164
"1085_9",0.31927306142876566
"9999_10",0.9841420699541106
"4235_7",0.9596508070414532
"11603_10",0.9691147073721487
"4457_3",0.04311653158258551
"5022_8",0.9769902509709069
"12278_3",0.1998054555510413
"12076_2",0.05513139882513101
"7239_4",0.8342653676027895
"4691_10",0.9906514672784061
"9820_2",0.043769586281536176
"5932_1",0.2337267942610609
"10265_9",0.8312980682299458
"9247_2",0.03790963501704908
"4581_3",0.21484801750384913
"11060_7",0.9682099564738741
"10349_2",0.03819575711993127
"9821_3",0.13762055374709986
"3375_7",0.8808786796122182
"5515_10",0.9792476076792265
"3921_8",0.12690145827115057
"6671_8",0.982296159050034
"7051_7",0.9486682998059681
"743_7",0.25060992339953897
"8230_3",0.03768663012238685
"11203_2",0.041714421585543636
"11616_1",0.041733410730110526
"8033_9",0.969288025054268
"1472_10",0.05797144558324527
"1932_3",0.06623009999680055
"6827_2",0.03641251670967356
"6912_4",0.036171707555781044
"12024_1",0.03507919650314016
"10625_1",0.8019342271234945
"9528_10",0.9894940380520618
"6663_3",0.08246202752017896
"10727_1",0.07861004224302628
"6646_10",0.9800666721272772
"7632_7",0.9848490277683994
"8518_2",0.03456054374301823
"6398_9",0.9839878773540851
"488_8",0.9864692425370358
"4133_1",0.03607787523788288
"4128_10",0.9840090567629499
"5883_10",0.9930651045698985
"10240_1",0.034329039292422814
"8791_8",0.9575273140376245
"10917_8",0.9880493559769931
"9097_10",0.990011454359469
"8438_1",0.03407965061015126
"7536_1",0.08196300899926903
"7542_3",0.046774122478751186
"3928_7",0.04512997460879022
"12477_2",0.03780824018882784
"9157_3",0.03494223459548208
"2694_2",0.8688649597091848
"3632_3",0.037211506972823195
"7169_10",0.9705742255156196
"6931_7",0.1325171528879432
"11474_10",0.9886983964317264
"2252_1",0.04274583661587544
"1261_7",0.7604286463430077
"523_9",0.9430111261086839
"12233_2",0.030979467004161657
"4731_9",0.8783553215661962
"12376_10",0.054702485069982966
"11834_4",0.8327572670460343
"7063_9",0.257124677009992
"5289_1",0.05932800613624853
"9632_3",0.1171893222862733
"11086_1",0.034279657888114316
"8224_10",0.9909224605557745
"8013_3",0.11966874940409412
"8003_3",0.03863757282976574
"2281_8",0.9320409448526576
"4643_7",0.9827377975882121
"7942_3",0.10793406843757176
"11067_2",0.0372525138758605
"5577_1",0.04164237442175259
"5796_1",0.03687256248820415
"11514_1",0.19697317772753578
"1867_1",0.053771778889074355
"4804_2",0.03505107064446847
"4547_1",0.03922168629111146
"6391_7",0.9157565740980658
"6260_9",0.9855483822139897
"5355_10",0.9757553264276754
"12358_4",0.12319050644680679
"860_7",0.9911001041049219
"3768_1",0.8518699608817354
"8742_3",0.19597978974601812
"10786_4",0.03838374789475063
"5337_3",0.058377406857167344
"11260_10",0.9430224751219377
"7364_1",0.046253127774074705
"4434_2",0.04708518905198907
"10604_8",0.9759515615936636
"9587_7",0.17248289890540586
"738_1",0.08668733110816594
"3757_8",0.9900183571385093
"6970_10",0.9573424411034277
"6194_1",0.04379986891924792
"4559_10",0.08702760782192662
"2334_3",0.12464630694231665
"10636_3",0.03935815274501064
"4192_1",0.0343204563650394
"1579_4",0.10396507596063127
"7168_10",0.9878260438593128
"3789_9",0.9156825778381765
"5617_7",0.9865940471126973
"5757_8",0.9581581441763527
"1431_7",0.2171207075086328
"6130_4",0.17070701257532586
"12092_3",0.05713755755054843
"7918_3",0.2136804896643794
"5386_10",0.2122626882382888
"2794_9",0.9526922322069021
"2394_2",0.03815192904994089
"10690_7",0.9821416438828567
"6406_4",0.1069421818975901
"12288_2",0.11383060483228595
"7405_4",0.07382015310408237
"6153_10",0.7724908836796989
"5577_9",0.9731950158446608
"1462_1",0.1901615687375029
"7732_9",0.8885143952194201
"9046_10",0.9865408787558002
"11086_8",0.9883748858670914
"1426_7",0.8726527583908121
"12174_10",0.743191891264703
"5537_1",0.035923920405148656
"11746_1",0.03692545615944897
"12203_10",0.9827624739337945
"11585_7",0.9875661778256613
"9765_1",0.037100863468193836
"6295_8",0.9543559409640702
"3991_4",0.18632025327535837
"11134_10",0.9866009022720675
"12379_7",0.05645578145264056
"7316_2",0.1245022112000797
"6955_4",0.0747193653695801
"8092_7",0.9887924931803591
"9788_1",0.03496499963711917
"9494_1",0.035266595751207656
"721_10",0.9775313945054609
"1250_9",0.9891308493752471
"3204_2",0.061757431988256284
"6539_9",0.9748036895973022
"7944_1",0.03558580039648273
"8632_8",0.8717027300255197
"2787_10",0.9828252037575649
"11497_1",0.03846312877607952
"8577_9",0.9888519581552213
"2717_8",0.959789917924384
"3251_8",0.9820437493931811
"11714_7",0.9323233284720402
"3868_7",0.9838114879982331
"7394_1",0.046021561117046215
"481_7",0.9632027339374594
"5237_2",0.03601600358045678
"11148_9",0.9493466044534637
"11946_7",0.8644592861001714
"7301_1",0.03822882724668379
"384_9",0.9492452753028997
"8535_2",0.03566928722382956
"8067_8",0.9726435265705925
"8452_2",0.04157419871779359
"7361_1",0.036795707667278174
"4017_3",0.08507876421623495
"6304_9",0.9770552996974832
"7326_10",0.9948596697481138
"399_1",0.03796600526154875
"9003_1",0.037475755582598164
"11314_8",0.16212439251173938
"4909_10",0.7498647650037882
"10463_10",0.9857970672045707
"7355_2",0.045820987562092574
"3553_2",0.18353752720591324
"4404_10",0.9642496226172406
"9304_1",0.058912310129173674
"7903_1",0.034856158781137715
"4429_3",0.1268555336711044
"6287_7",0.931306654423432
"10461_1",0.034293455351326316
"668_10",0.1384335879909546
"7560_10",0.9857609312460864
"2785_1",0.030879873076600516
"2801_10",0.9853522065858791
"4318_9",0.9762485893949215
"244_9",0.9891496520164816
"12435_2",0.03625050939664793
"2788_9",0.977009854331708
"2537_7",0.15683353604503775
"928_1",0.035571941977058215
"3312_7",0.9889172326304851
"12147_10",0.9909959000170905
"5414_9",0.9823409007954091
"9871_1",0.1239363998221647
"1308_8",0.9854668586508751
"7668_1",0.03419893572807194
"5571_10",0.9821127064178261
"2052_10",0.9888450030211483
"7089_9",0.9742807950475072
"6411_2",0.03648718298394989
"8514_1",0.037900326974107355
"5921_10",0.9768964770588131
"3264_1",0.034517276908286924
"319_1",0.09858879794133424
"3433_10",0.9746984757628532
"1610_8",0.9887079313019115
"8002_3",0.04236637404551652
"8099_9",0.7534796502891168
"5418_1",0.03849122383491334
"6247_3",0.07871263753555115
"5153_8",0.9661439782612102
"12201_1",0.03746110614207712
"8900_1",0.0379564126254177
"10908_2",0.2549962769136128
"598_1",0.03738315265747582
"10590_9",0.8039893707600243
"6706_10",0.9770575922881397
"12299_9",0.9312133880228182
"2159_7",0.3113512968960564
"186_1",0.035822200003473394
"3008_8",0.9788035079954066
"831_7",0.9727708603942677
"2717_3",0.05245778329540052
"5174_10",0.9824494768011032
"3088_3",0.04660255139174213
"6262_8",0.9851154760387868
"12303_1",0.037499155825398756
"9904_8",0.983518910527246
"10097_10",0.9843736828919977
"6242_8",0.9775039480642048
"9653_10",0.9872550276833425
"12499_1",0.04253311089208438
"894_1",0.855755257908759
"8935_7",0.9756452728244829
"3184_2",0.03514586284693295
"2226_4",0.0742622748844499
"592_10",0.9917862242576371
"2173_8",0.9901960147934965
"10967_2",0.03345694218528304
"3332_3",0.12108572755045394
"1074_2",0.039684098266426264
"2396_4",0.04028299842957548
"2627_4",0.7166671479783667
"5982_9",0.9823023292701776
"1386_1",0.05935281734115674
"7325_4",0.8302014492064923
"112_2",0.04155158700319568
"8856_10",0.9818952214407337
"1948_1",0.03709147165244802
"5791_4",0.053288033986480215
"1007_9",0.9326840628953346
"3758_3",0.03576698850957179
"6455_2",0.03599393993289741
"6464_9",0.9924925697169652
"5403_10",0.9858938992120533
"7076_10",0.9874891270898792
"6123_3",0.03838596712022861
"2832_7",0.9731874233899109
"9287_10",0.9898855139119606
"3665_10",0.9849696619700241
"4488_4",0.8082062212828849
"5861_1",0.03844097378008954
"2222_10",0.988223201213322
"9608_1",0.09125392410256514
"6225_4",0.06320957788342245
"5643_3",0.038591638223781706
"8720_7",0.8164532850141225
"4955_7",0.984236219038962
"6839_1",0.03983669414526
"7396_1",0.03527066869170447
"6234_8",0.7524065225831552
"10423_1",0.10580774029683199
"2158_1",0.03544697089712361
"6929_8",0.9462325772736337
"7593_3",0.1535142814150463
"636_1",0.04086151717944181
"2747_7",0.9752413674183776
"7398_10",0.9802132156429877
"6852_4",0.16994547016568237
"9938_3",0.03929222748629129
"3989_3",0.07514005655513327
"1104_9",0.8582750631007148
"5897_3",0.03556342436380595
"5254_3",0.036300644230583226
"4824_1",0.2383654165595367
"10945_8",0.9421830610959282
"11486_8",0.9882548926429225
"2542_1",0.03852667944026556
"1824_10",0.9903873073050852
"10181_2",0.03597586802955199
"2492_9",0.9775085844423772
"8111_1",0.03712323533488829
"5844_9",0.9841667168080449
"1369_7",0.05376498763272428
"10775_4",0.17598275967328558
"9617_9",0.9822765291000565
"4709_1",0.03443995150907304
"7043_2",0.8644491724022301
"5166_10",0.9770123392424256
"1604_8",0.9900469895414106
"8576_8",0.873723888692565
"1916_7",0.9032122960381739
"10286_10",0.3683564361355626
"10241_1",0.03705796081952111
"12441_9",0.970195929115093
"4529_1",0.034772567521988
"1553_3",0.1815061605421928
"3985_4",0.9201131388021102
"5542_8",0.9850279927354597
"10857_9",0.9812354939042814
"7600_1",0.08523641423195394
"12095_9",0.9145577299613511
"3134_10",0.9888610091243919
"9472_3",0.12146374501769026
"1058_10",0.9902461242189291
"7328_9",0.9887883970079718
"3865_3",0.046750286433918875
"7409_3",0.04124426939853747
"4795_1",0.03442206104779778
"11596_10",0.8819503173554946
"3758_8",0.9542288526553511
"5099_4",0.0815963495058707
"7707_10",0.9650744454247016
"1412_3",0.10885063995234544
"4720_10",0.9883314166109408
"978_7",0.9453274645340239
"6165_8",0.8652531325761393
"1307_1",0.03442138941099721
"2322_7",0.14260855115254717
"5328_10",0.9520180575604775
"11934_8",0.980852212509623
"1940_3",0.06676676296445266
"6270_10",0.05256000468006776
"5262_8",0.988243536172247
"4068_9",0.9908064534706658
"1208_3",0.7763955306547232
"10220_3",0.042287503405662126
"5091_1",0.040746424768277785
"2738_1",0.04005214097566996
"8909_3",0.039321745043804736
"932_2",0.06700723699843607
"863_10",0.9377503387434847
"454_1",0.039150299164786406
"10525_4",0.03982645268839121
"175_4",0.20664456307643975
"4551_1",0.04525930501722866
"5666_1",0.03758014175693834
"4324_10",0.98473343091084
"8189_1",0.05138783339430134
"12064_10",0.8547882809173641
"8622_10",0.957562639879048
"1115_9",0.8589237940964477
"9593_1",0.037002677443848525
"5579_10",0.9785763914375473
"3467_1",0.04919266737554399
"11409_1",0.03646418329974286
"8682_1",0.039552736330625914
"7866_1",0.03600299117212205
"6111_8",0.8805924803977805
"524_9",0.9784816244287347
"9837_7",0.9153797498437564
"2215_1",0.04237083987481318
"6840_10",0.967112432526327
"7384_8",0.9894628977698238
"6353_7",0.8937813454159861
"8650_3",0.034078569302315224
"1890_10",0.9529714604514266
"10402_8",0.9609784979341056
"3770_4",0.057202572895768924
"3086_1",0.03426926771301
"1487_3",0.11218454687485652
"2995_10",0.98847899927227
"2356_7",0.09015809133905722
"5320_10",0.9821362354826644
"3235_1",0.04187898444159136
"6802_1",0.03893398975583283
"11329_9",0.8682522011602536
"1143_8",0.9518287280189959
"5768_3",0.04841554814610981
"8004_1",0.03966838808576725
"5453_3",0.8700008322975737
"11288_10",0.15279708214517695
"3278_10",0.9922120119652568
"11856_7",0.9804714409114631
"12057_10",0.9858002414357744
"1825_4",0.036184831183874555
"3319_10",0.9775923437365702
"5956_7",0.9763676824542263
"4875_10",0.9227326113174398
"562_1",0.044989772836404374
"11359_8",0.95655772304756
"12454_10",0.9446753610871252
"10621_2",0.04785080636519678
"10407_2",0.058932139777907545
"3532_2",0.04431907583027133
"10162_4",0.1388267227605999
"7084_4",0.8316621924457323
"167_10",0.9642688403003861
"3362_1",0.03667542248994828
"6370_10",0.9887172731235783
"2281_3",0.11101345075479253
"10454_1",0.03906298108723606
"12387_8",0.8402459871808589
"8375_8",0.9749863345346625
"9656_3",0.0545522126703487
"9387_1",0.04402578442084508
"4907_1",0.04036898447862073
"4697_9",0.939234589164163
"4217_1",0.03520444013888499
"8860_10",0.8887305861766529
"7312_3",0.0377942444651944
"9326_10",0.9882499598730241
"3785_8",0.8772285313894989
"2255_1",0.044144303713333194
"9950_3",0.03510044156954503
"558_2",0.02463233378045701
"413_8",0.950631662251271
"7837_9",0.9850492935886889
"9192_1",0.045023826061498004
"7_1",0.03873667103866379
"9674_1",0.03905952888325079
"9771_4",0.036338978260767936
"3331_10",0.8702230335647816
"11444_8",0.1159947148540645
"3009_7",0.9706453885489326
"5584_1",0.040433215769914786
"12044_10",0.9813012896367767
"5952_9",0.9779350738704888
"4989_2",0.03566734334464004
"5722_3",0.03462694470772359
"6207_4",0.040863012598262555
"7646_1",0.03476295447297552
"1811_3",0.04244711215636753
"1197_3",0.09920161944457868
"709_9",0.9907482942065788
"8554_9",0.9880911942111809
"1706_9",0.9182890829042558
"10060_10",0.9896479329958753
"6818_1",0.05015055551872817
"7255_9",0.9308142403085693
"3790_7",0.9566559516609779
"7833_9",0.8686782351141333
"7448_4",0.07323978409608853
"3456_1",0.7490549406575908
"3881_3",0.03496850573024183
"11049_1",0.03526233780849337
"1269_1",0.05574323438959254
"7803_10",0.9815239018022349
"1413_9",0.8908608833053498
"1289_8",0.9860654459207976
"3967_9",0.9437220449741127
"7533_10",0.9820709930179645
"5372_8",0.9602801709754433
"1518_1",0.037388862765167334
"10752_3",0.18281347255042052
"4863_3",0.03870595361811849
"699_1",0.02972125077335043
"11537_3",0.03651636279518796
"9241_7",0.8238275376377504
"876_3",0.817398411737734
"11234_4",0.09615962800377047
"5942_4",0.9647429778706508
"1778_10",0.1897674715508607
"2631_9",0.7333549372273347
"7425_9",0.9871917179115391
"3410_10",0.9822432777847181
"9155_10",0.838749660224177
"4396_10",0.9895674274476194
"8894_7",0.7905970437029884
"6034_10",0.9776183887945489
"12105_1",0.040635897381627976
"11645_7",0.8984716431717483
"1821_4",0.12894602765561314
"9028_7",0.8743079441256326
"4670_7",0.9127418568841779
"4720_3",0.03783269687566432
"10001_1",0.03606195536853502
"8363_2",0.03481074650006227
"5681_9",0.9812858466722199
"8165_10",0.9857143975985708
"11961_2",0.03466352101944464
"406_1",0.03693918355573654
"8313_1",0.03712600078593288
"11945_7",0.9056045999356528
"9454_9",0.9410840304420014
"9523_10",0.9871536793095503
"10516_10",0.9672120373665933
"6036_3",0.08708692936461393
"5046_1",0.036586239949529406
"9019_9",0.9358990699952258
"5471_10",0.9899233275628352
"11862_7",0.09891490379066811
"651_1",0.052965869682097315
"3131_9",0.9881433358561004
"9912_1",0.03408002174504325
"6231_2",0.10550307884595303
"5523_2",0.9773138980538754
"1817_1",0.057585860826129875
"8880_7",0.9820303010487917
"6080_4",0.05792313060278578
"9940_1",0.9662711911458942
"3409_4",0.1340370099139472
"3713_4",0.1706089049215513
"3447_3",0.07307325807235872
"3460_8",0.9896595686717016
"9397_10",0.9698985585278659
"5528_8",0.9235758897362094
"7658_10",0.9635886655282154
"5893_10",0.9628913049029267
"1646_1",0.03912877202751597
"9620_7",0.9170144739087553
"66_3",0.10100224769197635
"1691_10",0.9866054747249793
"4311_7",0.29644374344808144
"12091_1",0.0392917844463573
"5391_1",0.0345421172554219
"576_4",0.04004538574970757
"4734_9",0.7899458489648855
"6008_10",0.9885326367827283
"8527_7",0.9602120478888505
"6048_10",0.9262902580149904
"5102_10",0.9884818523890999
"6794_10",0.9744460913517125
"3473_3",0.049325188170082065
"2025_9",0.9769414262203414
"9728_2",0.03942788251669189
"10704_10",0.9655699746808954
"9094_4",0.9675324562815878
"7838_9",0.9856148425842239
"5779_1",0.03994917666804121
"5342_4",0.06456416271683887
"9291_10",0.9837803080570022
"7028_2",0.0534675771857686
"1331_9",0.702269438654741
"9913_8",0.977151941635429
"10250_10",0.982934473917246
"9227_8",0.8967610345493288
"6278_4",0.8377682444181672
"2302_1",0.04227330352812054
"7000_2",0.04678344191226485
"416_2",0.1057460266862391
"6846_1",0.14901755422224308
"3253_9",0.9857430128804788
"1712_1",0.03710305082775883
"9720_10",0.9866765816039057
"769_9",0.9869647942268298
"6635_10",0.9436891928659733
"1421_10",0.9465023014355902
"6803_1",0.7922969017427274
"4290_4",0.15038371773452552
"2465_7",0.7816376597560519
"70_8",0.9893854642882608
"5176_10",0.9830587664304549
"305_2",0.037153367089072575
"11094_3",0.03554074960479018
"1109_10",0.9884998610195029
"95_3",0.9233935585485736
"2378_10",0.9843824697913198
"3270_3",0.03788041320187687
"6999_4",0.8270055296704591
"7594_8",0.20399438384819912
"9549_10",0.8733017608502804
"8263_4",0.2564987559988497
"10379_9",0.986973682969234
"11187_1",0.18407267546006617
"2278_3",0.04870657681457261
"11180_4",0.09627232970799232
"745_10",0.9686819280539317
"9794_4",0.055302619006940335
"6565_1",0.03706665735686754
"9608_8",0.9818617196464471
"12222_1",0.0455747754928658
"9330_9",0.9666124238364849
"3611_9",0.9819758539978021
"1775_4",0.19533437642998266
"3635_1",0.0547765190002088
"3893_1",0.03598298194924476
"2802_1",0.036322732507707525
"2481_10",0.9725061031005413
"1540_3",0.04192186516952059
"2205_4",0.04474879866079125
"10970_7",0.985012416704185
"8287_2",0.039674828268053894
"484_1",0.03665898758622494
"249_2",0.0914730771380703
"12073_10",0.990589543115602
"1443_7",0.8438957069524163
"4985_7",0.9771201132423165
"12247_1",0.30589513047590333
"3170_3",0.03529595953517874
"2900_10",0.9823975120742305
"1930_9",0.9552906324907589
"12309_10",0.9885680971596235
"10720_8",0.9807629485077611
"5260_4",0.08470589592774319
"5212_8",0.8773120068546759
"3872_10",0.9100263342323183
"9705_1",0.03825728313260165
"10367_8",0.9853064982105034
"10063_10",0.9888755509641041
"9682_1",0.05904141965573901
"7356_8",0.8538711570613742
"6045_7",0.9717060294294384
"3181_10",0.9735578890643218
"7212_9",0.09206936614788988
"8801_9",0.9706180078957416
"2910_3",0.14872089239226255
"5031_7",0.9900039769423212
"1416_1",0.03321539760427135
"8903_10",0.9880207976871069
"10620_4",0.10397789755551075
"8957_1",0.03484695308016069
"3374_1",0.03881208886880808
"9196_1",0.04557055912375145
"5167_10",0.979396905491942
"10900_1",0.051347415662255286
"5405_2",0.041834592630899683
"1546_1",0.13563622569748196
"12331_4",0.05533799081149296
"4733_9",0.9796439516726347
"6682_10",0.9826558698497004
"1356_8",0.9595293295899783
"2301_2",0.03974844712063926
"11565_7",0.2763968171525464
"8731_7",0.8182214131204935
"1638_10",0.9887653790052341
"7280_3",0.04186174077179343
"51_4",0.0530166119690015
"355_4",0.7503377771212382
"485_10",0.9829708050140123
"554_4",0.062049954618123834
"8059_3",0.0379291800209043
"3645_4",0.21567034800685517
"7332_7",0.9479260819984774
"10877_2",0.03760566587177024
"10837_1",0.03473623628027013
"6273_10",0.8391022473836004
"11773_2",0.05655014525909782
"744_1",0.1632164365188688
"9762_8",0.9873285665274014
"831_4",0.044476345902839415
"4450_3",0.034275166657551995
"5338_4",0.03717872650002726
"6741_2",0.041014390187209905
"5962_9",0.8397509365137524
"10363_3",0.04236725552787306
"9063_10",0.9884078127273432
"2739_1",0.04977181464534326
"5920_2",0.03475088418778249
"5200_9",0.9759443960917857
"6498_10",0.9892449449907164
"591_1",0.035122414441939
"8010_9",0.9858310963250254
"369_8",0.9860766243064492
"9971_9",0.981764383129869
"11735_8",0.9566828471720821
"11278_10",0.8039212064956084
"1464_9",0.9751917539390257
"3787_8",0.9676923512482093
"10097_2",0.0415908407828085
"3728_8",0.9914125831393125
"9996_2",0.04622031063885274
"8676_10",0.9045468755774055
"9718_4",0.037363044063089663
"9280_7",0.9698884985110926
"8343_4",0.12541140303040244
"3505_1",0.0398300124041458
"8863_10",0.9880039335020577
"5682_10",0.09072494332557397
"4704_2",0.13497489701909973
"11106_7",0.8224728498701305
"10541_2",0.09328901062969223
"6601_9",0.9844107313286335
"11387_10",0.9883567547066996
"8864_10",0.9450579540710707
"7139_4",0.09708385165001217
"10068_8",0.9876142828628389
"2572_1",0.04273013809119506
"3819_10",0.9816368476840317
"11954_1",0.035159239022127524
"2525_4",0.07079805953748437
"12440_7",0.9526887808700998
"1489_10",0.9297764824395313
"12422_7",0.16355224488960032
"5463_10",0.14385627413396254
"5684_1",0.027392378135955867
"30_9",0.9876145351512317
"1255_8",0.9900388564341854
"3993_4",0.048026042120692954
"10386_7",0.27430207308134197
"10111_10",0.9772723563457728
"2915_9",0.9236740678212099
"4621_1",0.03928020198311117
"3671_9",0.9856231622070377
"1069_4",0.33484150649864625
"2060_10",0.8276648735008908
"3788_2",0.11488539768942437
"3_7",0.19756153058721815
"7722_1",0.04175151608625116
"9601_1",0.036429043792431434
"3294_3",0.14434376605828123
"4361_1",0.023526038777537568
"6626_7",0.8745636737893204
"5799_10",0.9676379870809444
"332_10",0.9949107610661968
"4320_4",0.04081677361831581
"4545_9",0.9778168455107866
"6029_1",0.035548514228170326
"6329_1",0.0487392508692047
"5586_1",0.03674048965609775
"9401_1",0.0440008799554324
"7087_10",0.8719291152131253
"5200_1",0.04143035318395796
"9707_7",0.8622210217322249
"5006_10",0.8241431593960014
"4702_4",0.16706899139159526
"11207_10",0.9467019917017837
"3593_1",0.8036274996629459
"3050_3",0.05722778187710013
"6036_7",0.937322574642837
"2221_2",0.03745685325293912
"6895_1",0.08598389791453072
"5678_10",0.9770187661220419
"8395_10",0.9879375896805338
"8193_1",0.039494590366938344
"11689_4",0.0382694844077303
"10207_10",0.863025475481314
"5028_4",0.037786160925884056
"26_3",0.8871241483849917
"11774_10",0.9803638844453004
"59_3",0.04113042857700236
"7339_4",0.12844851557873654
"2141_7",0.9712091695719154
"10647_10",0.9880465244721108
"7703_8",0.12362701120417653
"5904_10",0.946671155005378
"11952_7",0.9023355474045786
"6355_1",0.038535452838175964
"7465_1",0.038210509731149644
"1244_9",0.9877447486715145
"5129_9",0.9787800363940553
"4015_10",0.9887040562743666
"435_1",0.03604634589901891
"8974_3",0.7532227869041428
"2294_2",0.04017861963620293
"5028_8",0.8036091087602855
"3850_1",0.0341570319819789
"3162_10",0.9678839077214948
"7690_10",0.9382548380172344
"10957_1",0.03563257540867572
"8809_10",0.9337459536711988
"8509_2",0.9298052516376766
"2314_1",0.035746297786377716
"2587_9",0.9577784653770542
"6823_8",0.983291473222549
"9761_2",0.04750681926593885
"2699_4",0.1353043162573933
"10291_3",0.038536263867599514
"3015_7",0.9636550860992443
"10059_10",0.9437519715192996
"8018_1",0.0855597252263659
"9487_1",0.3061089206603569
"12074_4",0.04172536649729373
"2051_1",0.036013485124945885
"3997_1",0.0352571492893228
"9323_2",0.1402460069074728
"10231_9",0.990472728149341
"10129_2",0.035212282786435935
"1491_10",0.9842094530403809
"5601_10",0.8577299837488745
"6980_9",0.9580347413343271
"8952_1",0.04016582657937845
"12021_1",0.035404667851779224
"11719_1",0.034688095248434817
"4620_8",0.8606554781939625
"9819_4",0.9551773927690648
"1682_2",0.9552543826243557
"5635_4",0.0484048152854057
"4634_10",0.9821419602799708
"8725_8",0.9833981340418961
"9919_9",0.9590953905595847
"5839_9",0.16267047273733165
"10643_1",0.1740865831981888
"4447_9",0.894267324549882
"7614_7",0.9655032190013415
"441_4",0.9083741768626288
"1713_1",0.03408807057208319
"507_7",0.9743076633375741
"6592_1",0.0581730405795428
"6378_9",0.9830680062187853
"10206_4",0.14329936362192497
"11627_8",0.9445362764706902
"11991_4",0.8143827559153953
"5759_3",0.03533324537746955
"2655_3",0.046340371141779656
"8628_7",0.9888646220791922
"12364_2",0.039635710188090555
"11107_7",0.9286248724805028
"3166_2",0.15256580027007585
"4168_1",0.037649852241355364
"10876_7",0.8337483423530804
"5609_10",0.9404576013165222
"600_8",0.9273727061959673
"7243_2",0.03820104179310001
"7300_9",0.745508147468045
"9144_10",0.37821031183729376
"4539_3",0.08610053128313024
"8007_10",0.9879733466187943
"8486_1",0.039731454843004846
"6213_2",0.8145940988324586
"4742_10",0.7999890594826615
"1421_1",0.053319260987702996
"4061_9",0.8705719388611347
"10451_7",0.9801666326136161
"1062_8",0.8936025253193834
"12281_1",0.0436690599525905
"5994_3",0.038737045737344086
"10055_10",0.9551540105898386
"2602_1",0.9358339275959168
"11107_4",0.0556624103937547
"4007_3",0.04266954066106849
"10444_9",0.9922960128729317
"1635_7",0.7571948393849509
"12049_8",0.9947759367115817
"3988_3",0.17575765407154648
"12414_8",0.9451583924455826
"7074_1",0.03574632358932305
"11854_7",0.9738768799903559
"2445_8",0.9869419467542149
"2187_9",0.9883564992515803
"11675_10",0.8303585135376375
"5648_1",0.03574980118077614
"1614_4",0.1272099262008639
"9395_2",0.05645655244641228
"5372_1",0.05261651727870186
"12082_10",0.9889333573775883
"12029_10",0.9074085772324572
"983_4",0.8093857880484339
"11356_3",0.036443266889585324
"4254_10",0.654154421504823
"6017_4",0.04011090067271345
"2330_10",0.07665778123290658
"1089_1",0.03499083603528938
"8017_3",0.04648735437635971
"5248_1",0.9085991719398339
"9041_8",0.972147855872147
"3855_1",0.056360207545898544
"10976_1",0.03985955569566303
"7926_4",0.12371642177255615
"7758_4",0.06610623399236867
"8081_7",0.980847574037446
"9267_4",0.9505833826463068
"6381_9",0.9660965697177669
"6172_4",0.038300564863489955
"12411_8",0.9805793334941887
"5216_10",0.959074413314133
"10999_8",0.9310131630528277
"2460_1",0.04058520911710025
"7815_7",0.9875280260202464
"8586_7",0.9762188283932373
"21_1",0.03618872537197554
"2467_1",0.03408795653865795
"7979_8",0.9731492468625629
"3744_7",0.9647463900901502
"7205_1",0.030075275423742002
"6862_7",0.9553544037869318
"12031_10",0.9839277322949795
"12458_1",0.03513580621239604
"10410_1",0.03708314231932917
"2624_10",0.9888192822247192
"12083_1",0.046408273202601366
"47_2",0.06010357402193234
"676_7",0.9837955214839453
"5425_10",0.9816143443853336
"1899_2",0.039397694947002
"9666_1",0.035152803837160775
"3151_10",0.9863156782754023
"1745_8",0.9826842365144315
"7646_8",0.19591077607900653
"10011_9",0.9858985740490729
"10061_10",0.9893912879467376
"6792_9",0.9913468694070003
"5150_3",0.040189155885107526
"593_10",0.9680242053968794
"6170_4",0.9912394817879311
"2029_2",0.03889087891293472
"3026_4",0.03979772439758606
"1086_10",0.9648307132783184
"1594_8",0.983372873112555
"227_1",0.038031096479781624
"5932_7",0.8478413614317472
"2681_1",0.07876747872234724
"4270_10",0.9763439759860322
"10065_1",0.05172477022229899
"6640_9",0.9480283195946777
"1160_10",0.9825267980219037
"3078_1",0.06681804903715402
"1546_7",0.9826018044576341
"12315_1",0.03421018830606488
"8699_1",0.04700319099836664
"11438_4",0.037552725239495634
"2034_7",0.891134527564766
"7899_1",0.03864032824665819
"1006_3",0.0396686188327907
"3732_7",0.9476982363084394
"11094_7",0.8671222280766424
"1477_4",0.9233948133737918
"8912_10",0.9317224525221826
"8140_4",0.09473121797673782
"7542_9",0.9799886420768684
"2556_1",0.8561243593524833
"10075_10",0.9891888314618269
"12212_2",0.06119607812090696
"218_10",0.9825722605734777
"8385_1",0.048637046685466104
"5716_2",0.041133240944234956
"11655_10",0.987157772856415
"6235_1",0.03984258123999322
"2823_10",0.9035076532501226
"7094_2",0.17462136150956853
"465_10",0.9862823957399524
"4968_4",0.039351537735512546
"222_10",0.9835907104822383
"464_4",0.060056142464772866
"2593_10",0.7606811699707406
"11946_3",0.0764341356020991
"6083_1",0.03751717281403381
"8158_3",0.053540197217402524
"2646_3",0.9319591952096635
"8282_4",0.03830099451571344
"12482_2",0.03459190201754193
"1020_7",0.1671566612578022
"7554_10",0.9731950822637377
"4492_2",0.03580687164513286
"4468_4",0.05753891238134823
"7365_8",0.9773993405379061
"9777_9",0.9835053607465805
"9505_3",0.060395976346367966
"10546_1",0.05554620287696852
"2179_7",0.8858065228934215
"9325_9",0.959595325124656
"9042_10",0.9835691535345108
"7631_2",0.037979456072044476
"1583_2",0.060411177560951726
"10449_2",0.038779947252119716
"8021_9",0.9616854759861957
"9282_9",0.9867465110912094
"5261_9",0.907843899364583
"9127_8",0.989481841033842
"6408_2",0.03507382049406157
"7306_1",0.03820514002998639
"2955_4",0.053684050394059574
"6401_10",0.9885232480107983
"278_10",0.9837836304928347
"1954_8",0.9314590895846633
"2592_8",0.9682003446252819
"2040_10",0.9864717725912503
"4779_10",0.9864440519876281
"7274_8",0.9861845931332424
"8094_2",0.059802819261416194
"9359_9",0.9875465221016758
"10732_10",0.9759818391442412
"7824_7",0.9221981841597043
"493_7",0.9744495232346715
"2458_2",0.042994589350762495
"67_3",0.03724482538790895
"1495_1",0.04128876716247849
"2984_1",0.07533108128405888
"9979_4",0.16599317316362866
"2790_1",0.04791524159733602
"8948_1",0.19930970042535842
"4249_1",0.2390513047484191
"5994_10",0.9887112764341843
"5119_2",0.042850994848037206
"6539_2",0.03936991430370716
"12006_2",0.07807149909498873
"555_4",0.08521230471559689
"9508_9",0.9902995854519465
"2282_2",0.11597444466087595
"4119_7",0.9873404762304844
"1224_8",0.9881590317350614
"492_10",0.9840281457852592
"7062_9",0.9884855572542655
"6663_10",0.9854747516417032
"9410_8",0.9750958617367129
"6033_8",0.9761595579188467
"4704_9",0.9874535895882174
"1347_3",0.03500116989752225
"6920_7",0.9868086303186421
"7736_1",0.1652133891865982
"2884_3",0.04844101266612566
"1870_2",0.04049717985007226
"4058_3",0.05034917040741284
"3089_8",0.9729950720092524
"932_9",0.9795514487666014
"5666_10",0.9791374766804248
"5770_1",0.047829614207441355
"10982_10",0.9483679236929266
"5977_1",0.09804683832037295
"7678_2",0.8601020131352443
"7788_10",0.9778539702600682
"6328_1",0.05320269246145735
"5806_10",0.9892139861960829
"595_1",0.03990385512517885
"8235_7",0.9810297544015224
"10822_2",0.034101035382627765
"12353_7",0.32129945473528015
"5381_1",0.09840915856614531
"504_8",0.7499577246299559
"4876_10",0.9866501702244628
"5244_10",0.989297852576164
"12010_8",0.9085465884064337
"7263_2",0.11402800256379995
"10315_10",0.9907541533440519
"9967_1",0.03419555258041837
"126_10",0.9348010176091848
"3861_1",0.034802085478846015
"10221_8",0.9645538658457555
"7844_3",0.9466369425164974
"10976_8",0.8748904059840888
"9372_8",0.9821648704631883
"5633_2",0.03585462772722575
"3833_4",0.03551492045119331
"5256_8",0.9852392895776081
"8840_1",0.06979272330804077
"2122_10",0.9868238091763741
"4607_4",0.05194620795147386
"12025_9",0.9224305066792563
"10884_9",0.9729197795984139
"2473_10",0.03937058556954355
"12330_8",0.8005881895791281
"6997_3",0.04736123663531044
"4505_9",0.9899835719169646
"1302_8",0.978473174647672
"4382_3",0.048476906826086394
"9645_8",0.9270437174277226
"4138_2",0.037888384057788674
"2419_1",0.03993185186052679
"3059_8",0.9783790724343835
"8239_9",0.9903552012482315
"105_3",0.18981887729597965
"1129_9",0.9827551789001839
"9065_10",0.9837768223144128
"3249_1",0.035798056738703316
"4864_8",0.9512569194061112
"11748_8",0.9898580746314404
"561_10",0.9815345073008357
"1261_1",0.18785415141987194
"10944_1",0.03640917953519094
"11503_1",0.05815948573832786
"8089_9",0.23876886679167922
"3224_10",0.983745102965621
"4550_3",0.1696496184036643
"8097_7",0.9832927847449423
"11042_1",0.035741962343072704
"4590_3",0.10813080003744535
"10838_8",0.9594867811491471
"5500_3",0.044827968082669
"6779_10",0.986256309630845
"7489_2",0.03445582323591365
"4145_8",0.9704738098337621
"2477_2",0.2866833513247032
"11428_7",0.3424771591042634
"5178_8",0.9134090089431359
"1604_1",0.03858190719999959
"2269_7",0.9868740099317063
"683_2",0.045635738897896794
"12373_10",0.9891779679652308
"12362_10",0.9903800143603826
"1486_9",0.8864249585601558
"4922_1",0.034050820010818376
"5689_8",0.8336781518574772
"11287_9",0.9415351836797001
"4578_4",0.06506024881488179
"361_1",0.035584409529423544
"6750_4",0.9449045968727685
"10004_9",0.9873299877379775
"3649_9",0.16237336076403808
"12485_8",0.9721060161401075
"4867_10",0.960282236925438
"10463_2",0.045335650090083536
"8449_9",0.987322404470319
"10573_10",0.9892248591073025
"12488_3",0.09877498669736037
"1649_2",0.0717308059655644
"12064_1",0.08167670858289168
"4892_10",0.9906051787448815
"8877_3",0.043386078658219876
"11816_9",0.9878121454890149
"10235_10",0.9284469574365841
"8204_7",0.8498734096850274
"8608_10",0.9727811032296867
"475_10",0.9873937628186644
"10150_8",0.99038595022064
"4661_10",0.7912236961494271
"434_8",0.9817493859245517
"10121_10",0.9888362535536058
"438_9",0.9768784801351589
"2866_1",0.054735107392362675
"10667_2",0.1957046271600287
"9575_8",0.9853584331190952
"910_10",0.9910948948500238
"1631_7",0.9828906843049834
"10585_3",0.06422110882178418
"1060_8",0.9523636066925436
"8817_1",0.035038756627314885
"10511_10",0.9813210085159965
"11854_2",0.08823532458630118
"4429_7",0.9586899647102465
"7462_4",0.04574923814076879
"7668_10",0.9861540671184696
"6258_8",0.9612312429658635
"12481_1",0.18654473195430038
"3948_7",0.9868925012082033
"624_10",0.9634558069705249
"6418_8",0.9875792186498271
"4211_7",0.9693268734984029
"10606_1",0.03493439066192323
"3052_1",0.02763299285693983
"12091_8",0.9862205255623218
"5559_10",0.9674981268071886
"6462_8",0.9905752869113837
"6215_1",0.066569092646337
"10996_1",0.03962520039123253
"1139_10",0.35087163254326587
"11400_8",0.8135314966828275
"10075_3",0.03855905932950766
"9034_4",0.05413664980186956
"8963_7",0.9680451325005762
"622_10",0.9894204364864457
"4570_3",0.11485545683453768
"12242_2",0.036299267414746136
"10595_1",0.0924827842549571
"5524_1",0.04042991255426184
"10074_3",0.8948396880477147
"10761_4",0.14883722504312824
"5215_1",0.03996442233666121
"7480_8",0.3025664339064713
"3940_4",0.11609813977013562
"375_10",0.9727115341583333
"11998_3",0.03597869792849866
"11759_10",0.9874673153833455
"12180_7",0.8384099994478437
"9000_2",0.12452610965427406
"4251_3",0.04231673456268152
"7944_10",0.9768078325420754
"12444_1",0.035123987342133504
"7400_1",0.1697796200557801
"4122_8",0.982553403680965
"8849_10",0.989996990926546
"5656_4",0.058033162046588635
"4091_7",0.9700543145532823
"8699_10",0.9494265723762584
"8750_9",0.7766526178532047
"3813_10",0.8453144126160486
"1836_4",0.059629951024646875
"1644_9",0.9793550114534437
"5764_10",0.9830092591498252
"1328_1",0.836027173336546
"2332_2",0.8821164372418118
"1851_1",0.03771625354038168
"9281_2",0.03942403772428639
"9870_1",0.08130292596751922
"3201_1",0.03679453679429337
"9589_10",0.35268752132854475
"3137_1",0.03964432077382697
"10655_10",0.9075252884212545
"10722_1",0.15234261962899043
"10338_9",0.8406608855586144
"2561_4",0.2508271593606307
"8646_8",0.983885020183177
"10077_7",0.9843463363780862
"2091_10",0.9871323365530722
"12110_7",0.25493557289059054
"8961_4",0.0985569890019605
"10497_1",0.035807775915032924
"3909_3",0.1276460998404551
"2535_3",0.12227412835734004
"8969_3",0.09031090909920632
"160_10",0.9824727589977026
"10280_4",0.10081868819339503
"5117_1",0.04815500086543025
"2371_4",0.03855837434491197
"12014_10",0.9597826748974554
"8665_8",0.9506035007938076
"5386_3",0.03413362150579304
"1284_1",0.03613573440600671
"6541_7",0.9505692414155412
"6919_4",0.1050631734361232
"7066_10",0.9899872973976881
"1189_3",0.05330819455649042
"247_8",0.9831069811364452
"4144_8",0.9793807388741056
"1788_10",0.9693153770968201
"3875_9",0.9548802247354108
"9484_2",0.13682959188512175
"6650_1",0.10481683073426684
"526_3",0.038351136958673475
"10810_8",0.8637469377149171
"3361_2",0.10170893942675235
"3721_1",0.038594335208912076
"8024_2",0.10054386446684939
"11882_10",0.043257734656199885
"6015_1",0.03543397444893351
"10950_8",0.9726953107027938
"10595_10",0.9848240549471755
"6215_8",0.7929911814421717
"7506_1",0.03616092366092927
"9448_2",0.046737397570377225
"10267_4",0.857021343642293
"1890_4",0.04967728195414043
"11388_1",0.03864121242165129
"4033_2",0.024456856369822175
"10188_1",0.1397715514768798
"3685_10",0.9805659643645842
"2329_10",0.7335177753972361
"2672_10",0.9780508585258957
"3356_10",0.9870689966814912
"7505_9",0.9655796476356115
"8789_7",0.9703786795324306
"4655_1",0.0341437516217347
"7490_7",0.9503819124326326
"10703_9",0.8728109763677904
"2088_9",0.9691153993965672
"5114_3",0.03835733417615073
"3317_8",0.05219452859745078
"2826_2",0.17811968265593348
"8346_8",0.13754601730650134
"2036_1",0.035125259491879876
"11081_2",0.037849171101799306
"5313_7",0.930077457156762
"266_4",0.1505794532338262
"7378_7",0.8976614439570827
"7420_2",0.055804737029834434
"9637_8",0.9667221138221445
"8788_2",0.040021936772049294
"4953_2",0.06901963465964545
"8212_9",0.9870630605272597
"10437_9",0.9893187758342252
"9397_1",0.038451288725167086
"4598_10",0.9039272345580089
"2772_10",0.9493783021186811
"83_10",0.9869808339604971
"6217_1",0.04048451221362825
"11725_10",0.9811609336027498
"4380_9",0.9918687295922752
"2974_1",0.03613340601089909
"12363_7",0.9878138439958974
"3246_1",0.03868409885326868
"6087_9",0.9743637275139494
"3419_9",0.9433093083061243
"6587_9",0.9637311044997687
"2450_1",0.0364008316600777
"2475_10",0.9871290537995244
"11551_7",0.9651395888819937
"7614_4",0.055143978202811625
"10136_10",0.9731803293633631
"5844_3",0.04052716660906757
"7473_1",0.036258359120599444
"6772_4",0.15685800778606585
"6253_1",0.03859519110904618
"4036_10",0.05944665659994633
"11948_10",0.984584257987614
"11435_9",0.3677578188561818
"6106_9",0.9890776635215824
"12271_1",0.03738661036949435
"12030_3",0.06996906350523217
"11640_3",0.0778041810867528
"5589_10",0.8373019663943253
"6352_1",0.8366176556521897
"2523_4",0.9366200165567263
"8198_8",0.9519070331211585
"7283_4",0.04807398697651868
"4330_3",0.1386411093365434
"7882_3",0.22766875465273118
"9815_8",0.9427995795346259
"1714_1",0.03495403730564311
"3836_1",0.051023772586962376
"8618_7",0.8715025106316886
"1759_3",0.10052700454244473
"9317_2",0.05491314902621689
"6186_4",0.04328756384532512
"3779_1",0.03713112203072768
"10096_9",0.9872878991235029
"3277_7",0.9019667654149064
"6023_10",0.9878145659473397
"4863_7",0.9426796704056799
"11194_2",0.0673093282412682
"11227_2",0.03484834095213665
"11983_1",0.1973835146302719
"337_9",0.9901068429397394
"11441_3",0.05790231789876133
"6668_1",0.044402719635192975
"4333_9",0.969646496497885
"3773_8",0.9794490172990706
"5370_9",0.9878092434713265
"4959_10",0.18086841793658043
"9431_3",0.09599461770733739
"6834_3",0.04627456195982121
"9952_3",0.04755640340543648
"9810_1",0.06453606955656427
"697_4",0.11968403560175699
"4528_3",0.03463153387806437
"5817_1",0.03438560844944612
"9052_7",0.8757912920589616
"11494_8",0.9831999110528946
"4516_1",0.034397609923711575
"2810_9",0.9901274362383417
"1105_10",0.9715752965906068
"6873_2",0.03891742785026488
"8171_10",0.9689605198677762
"9568_10",0.9836262127651252
"879_10",0.9815060724100779
"8493_8",0.943388144711067
"9437_10",0.9485774640463212
"3841_1",0.037913820548728584
"3852_7",0.9171387216877114
"7414_9",0.8456954591609773
"6048_1",0.0350169011100259
"2921_1",0.03533528957339005
"6752_1",0.036961669771173815
"7997_1",0.8676476976588876
"640_1",0.035716102640474506
"9576_3",0.05772680360170454
"4110_4",0.3176142762609243
"11407_7",0.9239634808118671
"410_10",0.9893349142277583
"11167_10",0.9900886533127209
"8383_10",0.9746995390656782
"392_7",0.9863803319526967
"1459_4",0.16203292259750632
"11929_10",0.9514899248056272
"12362_4",0.04049210396213894
"4046_2",0.03448977020452181
"2597_10",0.8832051784301154
"11246_4",0.04023188165840291
"8692_8",0.9344452728260272
"3986_9",0.8304737563981733
"391_1",0.08890125739565245
"2504_7",0.962885764817826
"11644_10",0.9905108746748911
"1788_1",0.042776602088909196
"5286_1",0.0350874634205808
"3486_1",0.988189185691322
"4486_7",0.8394868373626638
"4614_3",0.805413049848207
"11360_4",0.03967995995049234
"2315_10",0.9847164838647184
"3637_10",0.15863739560375206
"6479_3",0.8806937340215122
"10306_8",0.9783914039819169
"2225_1",0.04235555693170168
"9688_3",0.053648475692646226
"8999_2",0.03627816708140233
"6793_1",0.0375285909955845
"1785_8",0.9349992987687233
"3902_1",0.04696239757078767
"3805_1",0.03455933706542188
"6867_8",0.8337445307274964
"761_2",0.04631192735749915
"9493_4",0.03800008695275959
"4805_4",0.9750615800126945
"583_8",0.9866020632582987
"9470_9",0.9874496056222077
"9859_8",0.9142474466741822
"6633_8",0.9319957702561431
"518_10",0.8303916531237423
"10730_1",0.2113563960550353
"1855_4",0.07473554181635297
"5191_8",0.8459578228029672
"9191_1",0.03696800449035707
"1113_3",0.061215036190045535
"2973_8",0.9862053435598785
"10712_1",0.03476829602366673
"7729_1",0.03462614007352342
"2730_1",0.039143768536027135
"10170_1",0.03411319269190305
"8238_10",0.953811349158259
"9495_10",0.9881937954275024
"11652_1",0.06690133593919746
"4911_2",0.03778085240137229
"7514_1",0.03554728547877635
"8164_2",0.04275372881728798
"10389_7",0.8677531780901753
"7557_10",0.8557647750216324
"852_4",0.7603209340380557
"1584_1",0.0408735413415569
"2387_2",0.03926902882614272
"6073_4",0.0349916582369731
"7047_10",0.9867063784376102
"6338_7",0.9144446020070236
"1741_4",0.049786122396990075
"3697_1",0.1394680185822532
"5444_2",0.042768982546921505
"10082_1",0.04098980043118311
"6135_4",0.8513971599479836
"9242_8",0.926127748563128
"7864_8",0.9876490240879466
"3466_2",0.05456853418963228
"9852_9",0.9846163802194077
"12390_7",0.8155684875113307
"5189_9",0.9689150713946251
"6771_9",0.9094000453356046
"223_3",0.05371629427233242
"8322_4",0.057960922784913
"4465_8",0.9123429690612768
"6597_2",0.10393147324129393
"3477_8",0.9928328387705377
"4736_8",0.9577858720997405
"4581_8",0.9826039664642394
"5898_3",0.2033032987015352
"12335_7",0.9460213403182819
"7321_7",0.961898156765292
"128_4",0.042850187302141025
"9116_3",0.15971823973786023
"9152_8",0.9541199266980451
"3613_3",0.040566182587835696
"1095_8",0.9892234432032515
"225_10",0.9585319892098552
"12445_10",0.9824134272381116
"596_1",0.04002313682098658
"6693_1",0.05254401483116908
"7535_4",0.7803226455836484
"3135_4",0.13427298808245985
"7435_2",0.03606482833299068
"758_3",0.035010877648747676
"11838_10",0.9837525408478935
"8539_2",0.045665455423083444
"671_8",0.9632725178496662
"53_4",0.08525281973410957
"8718_10",0.9894539928482406
"10447_7",0.7632230681469161
"86_10",0.9239115306058683
"7042_1",0.034431744055846154
"5821_3",0.03656346111169323
"4604_4",0.0390639218683264
"7906_2",0.03467203463926819
"11449_2",0.0372411001316787
"6505_8",0.9850000363851698
"8160_3",0.037693473911375834
"1054_9",0.9591094536620047
"6300_7",0.981254375949582
"10058_8",0.9749182101897305
"3990_10",0.9919978673676741
"9233_4",0.06298519773058064
"9314_2",0.0381029757633424
"4213_10",0.867847543300829
"3407_10",0.9753452008941229
"1982_1",0.04193509873211828
"9686_1",0.06093901110495033
"11246_10",0.9220368839839838
"617_4",0.8529962621308278
"12182_1",0.030639629575339968
"5687_1",0.06237429378774321
"1559_2",0.036717086032766924
"3596_7",0.9865694321891503
"4991_10",0.9837711648817622
"3315_8",0.9235133467812916
"1192_1",0.03495224993246296
"1454_8",0.9850053080945771
"9836_3",0.9784773054978868
"8088_4",0.14945730733961599
"1651_2",0.0665817220693844
"4641_10",0.9841186278434437
"10624_1",0.05233308658501161
"2902_2",0.06681729713338155
"10435_7",0.8599513604826876
"11623_2",0.051784577158247275
"1609_1",0.03709383455595226
"2623_1",0.03520239540901968
"4444_8",0.9217973238737813
"12412_3",0.1393295623962664
"8496_1",0.03947877329411355
"4279_8",0.9777586059103212
"9053_10",0.8391680654168614
"11747_3",0.03680248814328211
"9754_4",0.8544177495555977
"1795_2",0.7653484531371899
"6017_10",0.9821563120921979
"8964_7",0.9826103869388806
"1118_7",0.9691006129664446
"11564_7",0.9453417236734557
"9897_1",0.036990468874948036
"7731_1",0.03506817774789662
"7391_2",0.03587622039724175
"6670_7",0.9732259256715518
"8347_1",0.034976337554671395
"5000_4",0.03503060565589464
"3513_1",0.03479206518055841
"9427_4",0.056730514924323655
"6840_1",0.05072017713379261
"9217_9",0.9875826824571471
"5545_8",0.9898476598590816
"9858_10",0.9875838561418058
"1909_2",0.03748882755149209
"8416_10",0.8678607168312606
"11079_3",0.037083451303632824
"4638_4",0.8960004714908179
"324_10",0.9713627265810321
"9126_10",0.98564382500761
"9069_7",0.9248118748393334
"10555_10",0.982463529510782
"9626_8",0.8914802565335864
"6629_10",0.9580252323338859
"8419_10",0.9919864301334951
"5437_8",0.03802663897319177
"2463_10",0.9886005220216106
"10540_1",0.03826070280901615
"10579_1",0.037234121472072654
"11517_8",0.8967725835717792
"5306_10",0.9791012105687424
"4996_9",0.9849628822827984
"8251_7",0.9302385674734591
"7382_1",0.03478607203748683
"4284_9",0.9641205707424252
"772_10",0.9858096585578793
"5394_1",0.0351428003916228
"10576_9",0.9731746892155139
"635_8",0.9581312390444731
"9315_2",0.12658959152637067
"9642_4",0.0842828651436613
"7225_10",0.9844093883119737
"1806_3",0.17609984842924792
"4484_1",0.04194152612313184
"4912_10",0.8232149993163821
"4837_10",0.9029612996041796
"11025_10",0.9532990965114811
"1419_10",0.9721744215999046
"8789_4",0.03572523296344011
"1507_1",0.1157157743442201
"6478_1",0.03951288635750606
"7774_1",0.03648550088657753
"7805_10",0.9481375933682937
"11142_10",0.9238574473193608
"3832_10",0.9817019344648743
"1830_3",0.038524355420462314
"2676_4",0.07208666096667334
"1595_1",0.03628146302557775
"8044_9",0.9526530917567778
"8476_1",0.035106199050653555
"5190_8",0.20171978454970402
"4941_2",0.038558390338464664
"10114_8",0.974200134046621
"11931_3",0.17389472027255584
"11970_10",0.8068727162794115
"5572_1",0.04044817319081441
"32_3",0.2709142154807716
"10026_10",0.9808475480114196
"10554_2",0.17792430475988147
"6440_7",0.9885990419225004
"7636_1",0.04099416543053742
"7973_9",0.9898508753303655
"2920_10",0.9882013215569188
"9531_1",0.04643305489050009
"568_4",0.06510488752137186
"6091_3",0.05435865053408795
"5700_9",0.7213983994954385
"4934_7",0.9882618122741454
"5988_10",0.9909910553741803
"5162_1",0.05152829600335815
"1043_4",0.035688474135416384
"11574_2",0.04506707092815205
"2592_1",0.04016472182816314
"4881_3",0.8053567362060261
"447_10",0.9837753125680011
"6922_8",0.9861750495955767
"9314_10",0.9757076177215951
"10693_10",0.9575511657890039
"257_9",0.9858184036001642
"2090_10",0.9813225492147075
"7826_1",0.03459665970874405
"7851_4",0.9020080275877316
"1606_1",0.04692804443943272
"4446_1",0.037225663501392316
"10655_2",0.05277136773672616
"11116_2",0.03438267593099626
"1631_1",0.03720020676206147
"11696_10",0.9726293061417428
"2114_3",0.04093438327827946
"10728_8",0.9702048270503761
"8006_9",0.9906378078614315
"5963_10",0.9859946865597059
"2094_10",0.9857042004723036
"10113_1",0.039728186808239134
"2832_4",0.03520094584962354
"9600_1",0.03468006232939691
"7776_1",0.03726498764792953
"567_9",0.22616318027803597
"4700_10",0.20392900250909088
"1143_1",0.03626843742024635
"7853_1",0.03952581182776251
"11178_1",0.1467872295743109
"7770_3",0.039922319871572916
"11696_2",0.03621020192312282
"6077_9",0.9275541814812482
"5952_1",0.0344834974960632
"507_1",0.036336392227065285
"11888_3",0.18986720481639394
"7857_3",0.7401048568688465
"1381_7",0.21911375124069607
"5080_2",0.035380899181744356
"9831_10",0.9523207351846247
"7231_1",0.043242032643145564
"6012_3",0.03630113044282183
"6843_4",0.20911928471043534
"7120_1",0.03499328371768477
"9248_1",0.05275827766192878
"5313_4",0.04884228059474234
"8434_2",0.05473826084702141
"10224_2",0.036954973698637344
"7303_10",0.9646951660460132
"1796_8",0.9791758924456372
"9302_4",0.28444132679893686
"2232_4",0.04131718368300725
"5333_3",0.04307339150610922
"1340_3",0.04391301006098052
"5472_2",0.037286866944923586
"1768_3",0.03600182942676315
"3140_1",0.8087660555337811
"6264_3",0.06316007131026273
"6699_8",0.16464882136664566
"2085_7",0.9583974330666646
"5319_4",0.09970030790186966
"7561_4",0.9065060446037766
"992_1",0.036352096854639346
"193_4",0.06445208661433138
"19_10",0.9874299085336073
"6225_8",0.95343027336146
"933_10",0.9824199437769547
"11245_10",0.942016676314813
"6152_3",0.19573852491462157
"10163_7",0.9881367064718323
"9382_4",0.1833230779829276
"4655_8",0.9857657034195241
"5195_10",0.21492834667989294
"8989_4",0.038680644766046456
"5309_10",0.9825852895404437
"2183_2",0.04923557269860397
"7597_10",0.952576120381935
"1272_8",0.9166232166332742
"10107_9",0.9669447989316766
"3067_1",0.03522577277577408
"390_10",0.9470191251503588
"5746_4",0.03824024311797114
"7145_4",0.1593402401415664
"1612_8",0.9556743927230671
"7968_4",0.920894566434044
"3793_9",0.9835578970875136
"2719_1",0.18017025680595655
"1645_10",0.9756150816624938
"9934_2",0.05867567537199099
"9288_4",0.03835927342359061
"937_4",0.14126440713091853
"10385_1",0.03709587379859791
"3726_1",0.036219384210630104
"2700_10",0.9782228547017473
"11824_1",0.04277443557373113
"4133_10",0.9605535906354901
"9873_2",0.037503624285215434
"8769_1",0.03502078400862803
"11806_10",0.9910201148118085
"903_4",0.06091975737582887
"727_3",0.13424258466860645
"2426_2",0.03556231665649666
"8663_1",0.09741648479803675
"11163_8",0.9746708431029789
"1505_7",0.8081256888711466
"4758_10",0.9870199298254396
"2119_4",0.051179268179241066
"7351_8",0.9673686808510387
"5638_10",0.9553501401751845
"11236_10",0.8794390963984907
"9351_3",0.11171929733252177
"8732_4",0.056241478769289144
"4771_1",0.038804521361499325
"4094_10",0.9885133642246272
"8314_7",0.9496444165758408
"5273_10",0.733277825760921
"1773_1",0.03512436463475799
"7415_1",0.036495160053292904
"677_1",0.04215979084196388
"5585_1",0.035670348280285695
"1523_10",0.9102696805138284
"6855_1",0.039106572586433526
"6634_9",0.9704878203661012
"3866_2",0.04535108121108669
"7165_3",0.039324178193964665
"7516_7",0.19304575688445233
"2239_8",0.9519028381057187
"1248_8",0.9874529416861474
"6839_8",0.9538560099208534
"2648_10",0.9809057864298774
"5246_9",0.9376910445079469
"9445_1",0.03689817324684992
"4323_4",0.05085053670468311
"4356_10",0.9217118669997453
"9447_4",0.9441379954843442
"4022_3",0.09144204034682715
"6239_3",0.036702809279173604
"447_4",0.033435806650551354
"6717_8",0.16662847038274112
"2470_9",0.9925223087562997
"4816_1",0.03736674108752282
"1682_10",0.9554218844407973
"67_10",0.9477144188535558
"724_10",0.9781246271632039
"7678_9",0.9891637311554513
"2889_4",0.13349922122436103
"7487_9",0.9872789757564883
"1411_4",0.15584934566368347
"7447_8",0.9894496448218183
"3856_1",0.03673750569230754
"4412_10",0.9509736437723273
"8939_2",0.03436455363671772
"3314_9",0.9559694946127226
"2776_1",0.06440178470258061
"7986_8",0.9885779241427739
"12084_10",0.9907867995510778
"9529_10",0.9741572703699062
"11599_7",0.8204340931413246
"11688_3",0.04428191778172011
"11559_1",0.03464048218909558
"5838_2",0.05617741694201792
"6397_4",0.22950364498319403
"3551_4",0.21085413014471113
"5646_10",0.9608973996301899
"7760_2",0.034766873538711184
"4983_7",0.9841967322762911
"3870_1",0.814307881747986
"5621_9",0.9318393706370515
"8716_9",0.949923427596866
"2017_10",0.9793632731238833
"579_10",0.9938432031621941
"2659_1",0.035029208804259505
"10364_2",0.08153421660839155
"837_8",0.19249342580529555
"226_4",0.05302712672353707
"4836_1",0.03537945384616969
"11389_3",0.19393468392491137
"5284_2",0.02857366064147031
"4277_4",0.18458211788941517
"3821_10",0.725479760298264
"6593_8",0.981478364001849
"5060_7",0.06025068186524304
"5121_8",0.9840050326185755
"3810_7",0.7763156160152832
"3941_8",0.24777430135608117
"12291_1",0.03768477585089179
"1082_1",0.0413264058064577
"931_9",0.967623182477073
"10202_4",0.19879960939801278
"11004_9",0.9844406299381031
"5243_7",0.868612936117269
"2861_1",0.03737795460705096
"11992_10",0.9719000670064102
"11358_9",0.9866302518262287
"3996_10",0.9859273439715861
"12434_8",0.9155246685669363
"8310_7",0.9789616118609863
"3894_9",0.9889319605882674
"3021_1",0.05756176797436483
"1652_10",0.944696950444873
"90_2",0.15323207002955372
"283_1",0.06393322875225405
"9809_8",0.9872085960063233
"2693_2",0.045231858378968606
"5717_1",0.036854441591864365
"6051_9",0.9865825761004221
"4542_1",0.035089409173309716
"5104_8",0.9871072363394774
"10139_10",0.22435888562516593
"6129_1",0.03925085915289429
"859_8",0.8141354789143734
"3107_1",0.03610203926428185
"2595_2",0.05032763620017975
"2676_10",0.9599716691149776
"3634_2",0.10508099547877785
"6953_1",0.05991847605786564
"4430_4",0.054854254709479716
"79_8",0.9796280977993376
"7318_2",0.04656086115845652
"863_4",0.05784181061747827
"6393_3",0.897869839865631
"6910_3",0.9314227067239047
"4438_9",0.9901546899152117
"4242_9",0.939267472905962
"5813_4",0.04973279863157375
"203_3",0.06929362867965436
"7333_10",0.9909365428080306
"11658_8",0.9845466731080168
"11206_4",0.037792967829496066
"6208_7",0.8574310316778506
"7273_8",0.9888762534881217
"5518_10",0.9576540438979222
"7092_1",0.17713639371224776
"10508_7",0.9345478989429409
"1196_9",0.9814784017821006
"10037_7",0.988957827886603
"6468_8",0.9852338102610319
"8502_4",0.07750947706653522
"1017_1",0.03627926842068528
"4_10",0.8813183244632921
"8439_1",0.035018352240636354
"7048_3",0.0439641299299244
"3238_1",0.06261591307309594
"11610_1",0.03732891247033921
"3468_10",0.9896546452716645
"184_3",0.04305595741233898
"12227_7",0.9753348530742553
"4872_3",0.1934604754871099
"11139_10",0.9875523800364197
"4316_7",0.8440395725356558
"3071_1",0.09844370979540154
"335_2",0.03818127945058188
"10847_1",0.03650184409931146
"4646_10",0.9856980000958171
"9382_10",0.9892119470288124
"6577_1",0.04808031585557737
"4549_1",0.03449748342605917
"2459_9",0.9639602118812555
"102_8",0.24383621480065412
"1581_1",0.037174447015053964
"2439_10",0.9889677521959609
"6988_9",0.9183031469183129
"2024_1",0.035668215817724155
"12375_1",0.03586524936249746
"6084_4",0.04127676607953455
"6617_3",0.07710350274703871
"815_3",0.04150330439887473
"1857_1",0.039485370076828265
"7428_1",0.04131512083777497
"5943_8",0.9272005653554023
"11811_10",0.9554795279240719
"10844_1",0.03469391575618154
"1275_7",0.9843741446372847
"1910_1",0.03561993325013492
"3306_8",0.9874749327039385
"4735_1",0.037011751192133964
"10819_1",0.039908986202695215
"9571_2",0.07902543459770617
"1037_10",0.9863748478971606
"7177_4",0.15621887620430783
"5066_10",0.979474940668335
"4888_2",0.054462861727324834
"10646_2",0.03712932195079473
"7929_1",0.03550612775125844
"5181_1",0.03794387501899788
"1387_1",0.03561786757080548
"1304_8",0.9386604144607397
"2108_1",0.038650678252248924
"9875_10",0.9935197062447501
"10200_1",0.03795767821365841
"11665_9",0.9841400881843129
"6685_1",0.03553743285157102
"10234_9",0.9911989642472512
"6622_9",0.8973139641185975
"9703_7",0.9861472327431687
"7504_8",0.1488406012271494
"1267_3",0.13687662106929435
"902_3",0.038147931416425626
"10674_2",0.0566144249550771
"5237_10",0.9831515197322365
"5270_10",0.8352443228625375
"1701_7",0.9575407262977811
"3222_2",0.1369586615973907
"6116_10",0.7188252445460774
"11543_10",0.17329826230397122
"8189_7",0.23113353234869094
"8737_8",0.9867083229143301
"6856_7",0.05268416819115086
"2035_8",0.9815081377976627
"5011_10",0.9633756370501736
"6135_9",0.9892931305765766
"9172_1",0.034421910564301654
"5822_1",0.040606592968854764
"8816_3",0.0521938314062239
"1124_1",0.037970171981169254
"5422_4",0.13746306793306778
"3275_2",0.7310027066186137
"2076_2",0.03892360507258747
"5223_8",0.947302286504929
"1814_3",0.05203885375330373
"6171_2",0.08094929263167282
"3228_1",0.05446301039849965
"3693_3",0.09048320278952884
"8891_2",0.041406714787168765
"1171_8",0.9885240721186732
"9496_1",0.1969604264061205
"8702_10",0.96615336213539
"11287_4",0.03792445905542335
"2157_10",0.990245617469644
"6058_8",0.9519328791025022
"4025_2",0.02911588950751832
"5097_8",0.9418533618659974
"2335_1",0.035285615512740835
"6945_1",0.031197886443904217
"2970_4",0.061847724768856485
"10473_10",0.9698891058837449
"10139_1",0.0398212398372409
"7680_10",0.986916618314577
"10705_1",0.03591229239636363
"9883_10",0.9880949766018609
"2808_10",0.17375695399207342
"6543_2",0.04949917143143975
"3482_3",0.06571696632010221
"2547_7",0.840404035902437
"8378_4",0.034510813576033854
"7746_10",0.9948481508443303
"5007_4",0.043200997705831204
"1623_8",0.9869213589333246
"10762_9",0.9873731055931951
"8604_1",0.06198723295432282
"868_7",0.11482151274120155
"7902_1",0.034599222226480084
"3644_1",0.08915518342665275
"330_1",0.039382722771022526
"2519_7",0.9182085679404575
"716_2",0.1545874616215902
"9908_1",0.036656042980209906
"1410_2",0.23237439035273666
"1154_4",0.04518092701453466
"589_10",0.986444416203135
"10182_3",0.03726228089230339
"6872_8",0.9681366419371875
"7232_8",0.9834612663437924
"4339_8",0.9467354267786334
"6652_2",0.03565948872615663
"8692_1",0.03716069617965343
"4585_2",0.19641556500684848
"5846_4",0.10276569647357922
"4401_1",0.04898084768215983
"4848_10",0.09532105504717128
"1727_1",0.037049431367655095
"8038_2",0.1655472657312197
"2532_1",0.037995812032930606
"11010_9",0.8753275430356265
"4915_10",0.973461198144995
"6047_4",0.04181912926463042
"10358_3",0.19391853779667534
"697_10",0.9843339657622494
"7648_7",0.9856063617702706
"5495_4",0.05883820838405565
"6611_2",0.07576068350921068
"12099_8",0.9765299524428963
"1109_1",0.03415789774428869
"6874_1",0.03925685667067689
"8072_4",0.9153396459527443
"11231_10",0.9885078980554987
"10871_7",0.9771682492195233
"9990_10",0.9853399345177434
"645_10",0.9875572809241449
"9345_1",0.043287257276729614
"5298_1",0.04420691094421139
"5971_10",0.18366526967539026
"5079_8",0.9872433232089957
"6022_3",0.03593172200535172
"4954_7",0.9489477441343314
"5063_8",0.9462343531213203
"843_10",0.986844342019921
"556_7",0.16011400185508268
"1498_1",0.03594600298722525
"9374_7",0.1978935866875861
"8728_1",0.14610841247658293
"8297_10",0.9093484077818262
"5760_10",0.1847762171067266
"7403_10",0.0755150101612734
"964_3",0.0427873879492491
"8842_9",0.9843366026632586
"11552_10",0.9732704319706917
"5592_2",0.039630469955409524
"3531_9",0.9326325316319857
"9383_3",0.1357151493730325
"6576_1",0.03424344828649945
"125_3",0.048654980895638536
"8382_2",0.03924171470629589
"3786_9",0.9660763613588879
"8636_9",0.9783432435155001
"12225_10",0.8186415387449636
"8958_8",0.9876498753828116
"5981_10",0.9597533700616812
"9594_10",0.9534465982906899
"9802_3",0.03741215113407327
"4353_3",0.04399439440278374
"10567_8",0.9880461095601305
"3982_7",0.8522241591172931
"3292_7",0.7769097918120883
"1739_3",0.0344866997126161
"3356_3",0.03835055807433716
"5253_4",0.03926821994631688
"1186_10",0.9210248239082408
"12218_8",0.9291533382457945
"1361_9",0.9780091768383964
"11423_4",0.03528650990437609
"5649_1",0.03635156806944825
"11988_10",0.17364299861471086
"393_7",0.9905322405392725
"8081_2",0.03891338939808628
"10290_1",0.03530568672329351
"5548_1",0.03795084816494874
"2266_3",0.1502394593879924
"341_1",0.02499965491236992
"2081_10",0.9872803636144767
"6268_1",0.04930399979982528
"2267_9",0.9918316336371543
"82_3",0.038262712897092085
"11259_10",0.9886040615724245
"6760_7",0.6476307549477613
"6352_9",0.9684121532827041
"10733_3",0.0619052704230574
"7418_2",0.03550049474371805
"11562_8",0.9862553833506977
"8895_9",0.9659792604333637
"7911_7",0.20114627668626264
"4885_10",0.9887072131413502
"542_4",0.7555200924654306
"6099_7",0.9381840815079165
"5355_1",0.037177806571667665
"3969_1",0.03623161777183484
"11541_4",0.7445441071310135
"6413_1",0.05038321366229864
"3725_7",0.8858750442172013
"11757_1",0.03668927212774844
"7663_1",0.07626679077666998
"3161_3",0.04190326765059635
"9119_10",0.9714731150405571
"7726_3",0.04885536869741199
"1764_8",0.9842359546530886
"7211_7",0.080472924306799
"8069_4",0.871781376766009
"7119_2",0.051935614553857284
"1163_10",0.9681708886540675
"5836_2",0.03503217756331085
"1921_8",0.9839682591067603
"892_1",0.04181560911406204
"7629_8",0.9836867110406898
"5605_1",0.03864384015462773
"3955_10",0.9902051716834832
"5093_4",0.03667914101126339
"6366_4",0.8181557542722153
"11267_2",0.03789539400040592
"522_2",0.03654427487490811
"7659_10",0.9427969729603587
"11779_4",0.9540974543767041
"5226_1",0.12264072653954003
"8767_10",0.9399575236015654
"1315_4",0.04189116419917718
"8179_8",0.9879598707386822
"10270_10",0.9863477870665622
"8218_1",0.051506093643782266
"4363_10",0.932354371389036
"9701_9",0.9691010424337327
"9774_10",0.9855744209954498
"8326_10",0.9890113901635815
"1529_10",0.9788334854322829
"9090_8",0.9911776732037547
"8596_7",0.8891515449133204
"3508_1",0.04215265563871525
"2272_8",0.9677660519292401
"1226_7",0.9799285404591316
"40_8",0.9733294380343303
"1159_1",0.03634469487916608
"11508_1",0.034594406534582144
"2869_8",0.9441380622150563
"4068_1",0.037148138179753834
"7510_1",0.03412765007369957
"2967_3",0.15286760342932773
"8307_10",0.960063150674695
"9920_8",0.9886856262998622
"9102_1",0.12097392913968469
"3586_4",0.8579828340917277
"2278_10",0.990356231953638
"9459_9",0.9895650134460985
"3080_10",0.9901243947009628
"8960_1",0.02656296870174026
"11294_8",0.8955670882067835
"5241_1",0.03810260148379961
"4515_10",0.9920253766768525
"5855_7",0.9836809373186809
"12107_2",0.036350333863590566
"6435_2",0.05443990391389025
"5813_10",0.9902909369810943
"12008_1",0.034730549519640275
"1613_10",0.9530996243124226
"9381_9",0.8846228338784017
"4467_10",0.9180937319830526
"1439_8",0.8561942311160311
"1021_2",0.03617348087908932
"2718_1",0.04302280745286319
"11439_8",0.9738687307536731
"10931_10",0.9830741466978796
"4326_10",0.9117641268195713
"6216_1",0.04259137823587483
"10369_4",0.09048072105271364
"1586_7",0.9116743725955535
"1310_2",0.04031012223432109
"293_1",0.03586085641600353
"5968_1",0.03803163955756216
"9338_10",0.8960331534440076
"418_4",0.04176468385318868
"4522_1",0.035114160069651665
"3925_8",0.9683445745215411
"9748_1",0.03680487133813068
"7142_8",0.9894730935596567
"8862_1",0.16132972782431731
"10812_2",0.03447108751986145
"3262_7",0.9693622210258165
"11540_10",0.10509872597602013
"1236_2",0.04844178504589218
"10321_10",0.9671787587900471
"5782_1",0.03670438551690595
"11765_8",0.9122336581522495
"6365_7",0.04734485099041743
"6265_2",0.0511802731887546
"5426_1",0.03680944866874647
"5312_7",0.9811664335586525
"1786_3",0.037451908600947284
"10137_2",0.2007265672932329
"9816_3",0.04196477835688421
"11925_10",0.8337345650606047
"3041_3",0.040772535394908306
"6742_1",0.03588556893100587
"10786_7",0.9510938755027458
"10687_4",0.08447148098394555
"7057_7",0.05748543173701412
"7532_9",0.8935413195456255
"4162_8",0.9893953492443729
"9911_10",0.9879743923426505
"2369_3",0.0642286867938953
"2967_9",0.971781052411963
"9515_7",0.9774399302159826
"12035_9",0.9362208510450801
"9088_4",0.10736414725804905
"3037_8",0.8869393430800931
"1198_10",0.9819052427441493
"8186_8",0.893948575683385
"3455_8",0.9783984812045013
"6676_3",0.8272422151256333
"4071_8",0.9893179337174615
"2244_7",0.9541888676029093
"1252_7",0.9324047162746089
"12178_3",0.035724056840127597
"5623_4",0.05692414799020407
"10938_1",0.03497313958670182
"2265_4",0.9444619158103686
"7442_7",0.31740263841159183
"7676_9",0.9846353781473969
"10666_1",0.03964924068758689
"9430_3",0.05567691164698612
"8329_2",0.03871786480545972
"11933_10",0.9611626552900817
"7868_1",0.0296007878774677
"6471_7",0.9861855570969342
"2191_1",0.03751337981193799
"3918_1",0.03843647453660924
"9767_10",0.961205545583558
"11297_8",0.9791691090160799
"6763_8",0.9454553921043236
"2621_9",0.2046181936627421
"4056_4",0.05502725206928523
"8584_4",0.03499962170972929
"4541_9",0.9881153405031367
"1474_4",0.854420713753129
"3748_7",0.9684440065679876
"1314_1",0.036345430876916114
"6195_10",0.9745394445941125
"3485_1",0.04030409923478734
"5448_7",0.9529166672774696
"12392_10",0.9173748530751356
"5807_10",0.9881931109791858
"11783_4",0.906653294549244
"5693_1",0.03532498025626123
"5031_3",0.03983496315483812
"9684_1",0.042567326974794796
"924_10",0.932116959551565
"12254_3",0.8426324890766443
"277_1",0.037997190207895354
"4384_10",0.9881221857026565
"8288_4",0.040345561912039404
"3056_3",0.03804378305185057
"4683_9",0.9742102334027551
"907_7",0.987144434779738
"6720_7",0.2163487309541935
"12192_1",0.053640584844865204
"11090_8",0.9006298947940089
"4682_7",0.979602005376321
"11698_10",0.09708682529932329
"1530_1",0.042172981582400765
"3017_9",0.9877676973208767
"9702_1",0.03914388004449821
"5761_3",0.05205310542228851
"9920_2",0.8921998322939368
"8250_1",0.9298605969198024
"11900_3",0.04649791563842644
"6128_10",0.05603615306455058
"8667_10",0.9689731274094245
"8304_3",0.03675641748435119
"1049_9",0.975282688159615
"10262_4",0.04379255754772678
"7315_3",0.03566711009815824
"4935_10",0.9818611586097308
"2453_1",0.03503251480127468
"4820_10",0.8993467057515909
"3111_10",0.9818516527097599
"10351_8",0.9658766577348642
"146_1",0.036988236117459966
"6093_9",0.9900549378915364
"7215_10",0.9894690007876554
"6098_9",0.9604774398814868
"2873_10",0.9681629861032943
"2683_10",0.9627067414917856
"6886_9",0.9859282250767121
"4992_8",0.8490609037272755
"1038_1",0.078216925051598
"988_3",0.03818792396816282
"212_7",0.23431782249468172
"6838_1",0.041557119739661266
"4865_8",0.9518163730192741
"6908_9",0.9899940075879244
"8548_10",0.811347084955375
"2297_4",0.10532519682790643
"3455_4",0.03754682258098566
"5743_2",0.036950682758145253
"5820_1",0.877823862817871
"4636_3",0.13142271021234167
"8184_4",0.03529983997032886
"7413_7",0.9793333972946794
"10750_7",0.9795179738982168
"10064_10",0.9824258341747353
"408_3",0.04120617759873826
"10388_10",0.9638351269411464
"8380_4",0.06624016777013417
"8904_2",0.056767342620996794
"10854_10",0.929591490358885
"11511_10",0.9611493812337331
"259_10",0.9873994063277982
"1580_1",0.04014451051285867
"11775_1",0.0428533135335152
"8674_1",0.042960922939263575
"9540_10",0.9912804130419111
"6177_4",0.03489036229445967
"11074_8",0.975481841594129
"7191_7",0.967392817020039
"7496_1",0.04035648496070142
"4424_9",0.7970809428631154
"5733_9",0.1217350840009112
"2887_2",0.03611352451574624
"239_2",0.035088001069189426
"10920_1",0.04021507052758559
"10342_9",0.9834368371728135
"12321_1",0.03623871557204042
"1833_3",0.03912605990710002
"5494_7",0.9671292081067179
"8687_8",0.9891508111327334
"1076_8",0.9504266722784577
"7638_3",0.20891248612478555
"1361_3",0.33797859412411124
"1884_4",0.06853468906485387
"2056_10",0.9855165266636516
"5_4",0.9162471054311272
"1034_10",0.9570843368650257
"4008_8",0.9873904846730611
"4239_4",0.05142017089976247
"7257_4",0.20970685441076523
"9541_8",0.9742406242973948
"5869_1",0.03436870568377133
"1326_4",0.038807539668814804
"936_2",0.03869388495099027
"10473_4",0.04114944371167285
"12413_2",0.041643810879596614
"5934_9",0.989710586807606
"2419_7",0.9750095126059257
"49_4",0.10315025734052705
"2129_9",0.978363998678621
"12356_1",0.0346814655276522
"9268_2",0.039045141842672326
"7915_7",0.9617208760266946
"11405_3",0.8784200319279197
"7526_9",0.9876373363710002
"6639_2",0.0565142083112644
"7939_1",0.03260859631171313
"8934_1",0.11212653663140826
"2422_1",0.03461396079322593
"3885_4",0.07541147266145695
"1703_3",0.04312511209631928
"7530_9",0.9905622119050522
"5833_1",0.035646288187620716
"9858_4",0.7699401659950373
"12307_3",0.034757328115629656
"9341_10",0.9837094850460506
"4490_10",0.9848633953360895
"9292_10",0.984051581138809
"7830_1",0.03420726555308296
"5329_1",0.03474541651314899
"5205_10",0.21878218233366212
"2172_1",0.036022390850011604
"8857_4",0.03784779472261519
"7933_1",0.039431593984914755
"12277_4",0.13659968009659773
"9853_10",0.9856690842126772
"5927_8",0.9906975207987161
"4453_4",0.04103836126283343
"3034_1",0.03598866013404906
"3469_1",0.06735337836336945
"12014_2",0.07774580559721564
"3802_3",0.10103646318967718
"10911_8",0.8923228844033564
"7519_1",0.03417517529858319
"4155_1",0.0722990838826762
"7873_1",0.03458423297077147
"7002_10",0.9853915547770185
"11597_1",0.07071110010955144
"9043_3",0.03968539262662924
"7623_3",0.11330319710147847
"6615_9",0.9939010727293706
"5982_1",0.038576311908921475
"492_1",0.04390249952090165
"7105_1",0.03408958613206579
"7072_8",0.9641532892796767
"7585_3",0.7633185878629215
"114_2",0.036710374779830794
"675_2",0.08817607270571981
"5141_1",0.0707099560716642
"11299_1",0.03772450283301151
"7008_4",0.8595188700608509
"4963_4",0.15161184243076767
"9363_8",0.07811802642674112
"12419_8",0.20869261252565396
"499_2",0.03875598469241603
"4741_1",0.03514950594732762
"3160_10",0.12261370933678178
"4605_7",0.8559062336902783
"7181_4",0.6869881919398328
"2620_3",0.0395502661179396
"7101_7",0.19859709455664182
"3358_8",0.9182512528163971
"11150_3",0.07815584457822002
"11555_3",0.1296290284502675
"11975_2",0.9156215360675612
"44_8",0.9881649363331914
"4699_10",0.9906514672784061
"6042_2",0.03754980640090998
"10368_3",0.7411991301133859
"2409_8",0.7059448901892104
"5933_1",0.04127126907549561
"7460_1",0.035481707116034364
"11653_3",0.9858816043724011
"1699_4",0.9417766416148724
"6189_4",0.10617104461444807
"12263_10",0.9888687033236435
"700_7",0.9720675630258054
"1974_9",0.9528640661202179
"4664_1",0.04994155906574475
"2083_3",0.06493104521626127
"3454_1",0.03447948802271165
"3196_4",0.9594534736446046
"7920_2",0.042896486844060985
"10257_10",0.991118694623414
"12344_10",0.9676675057999291
"130_9",0.8692049633933357
"315_4",0.10337783775442218
"5923_10",0.9757585506381508
"1234_10",0.9898451489787441
"7402_2",0.037241508879340184
"4634_1",0.17063279829324351
"2558_10",0.9261587870433937
"11220_10",0.25134903735230996
"7652_10",0.932967430437847
"1070_1",0.06697059355641148
"3018_1",0.053737344163100935
"6365_1",0.049224175188501806
"6081_4",0.08102686047049026
"1015_4",0.7844235555768447
"7071_10",0.9349754601485556
"4682_1",0.04041576679557223
"5242_1",0.7109391121886309
"5125_9",0.8660363513961382
"11299_7",0.9871574807605431
"7445_1",0.038544199256669305
"8206_10",0.9742866829060983
"7878_7",0.9351113832909138
"11630_4",0.042474196846196514
"9391_8",0.8193359143456502
"4755_2",0.034630038311927264
"36_8",0.983534947492602
"617_9",0.8751801046236292
"987_7",0.9540834658309337
"1185_1",0.0364320139000374
"11135_1",0.03541107843229302
"6457_2",0.039218306902378625
"8337_7",0.814021277140156
"9931_9",0.9888816003742876
"6932_10",0.9408560942567542
"9504_3",0.04370825111402944
"2333_2",0.24914482724146267
"10397_10",0.9846005676601048
"6200_4",0.055497058024324086
"8004_10",0.9809518975290881
"10818_10",0.9855575465780597
"164_7",0.1938623441508291
"6945_9",0.8697224610628729
"2551_10",0.9791380957306077
"10887_3",0.034452091048425594
"8942_8",0.9646311262632227
"6779_1",0.06479840136824609
"9818_10",0.9415816234675695
"11352_4",0.03512126196861151
"1035_9",0.9844539380742443
"9212_2",0.03543017210631095
"8530_3",0.8231799002225851
"7858_3",0.05765548604590881
"1777_4",0.035510387976531416
"6976_10",0.9900592519663468
"9426_2",0.039619865908641534
"2154_1",0.04893150505115455
"7037_9",0.9848806846879554
"1501_1",0.03688338775930888
"12448_2",0.03450010878367929
"1005_2",0.039750169731801205
"8031_1",0.04304646950098909
"8084_8",0.9599948100257035
"11933_3",0.03713715778983141
"3206_10",0.9875577151019126
"10197_2",0.036692288090762304
"8838_9",0.8560657262349545
"7720_1",0.03500649736034775
"9739_3",0.0604693916247638
"8312_4",0.054645354354832636
"3492_9",0.8622681907133118
"1133_8",0.9872901889182869
"3255_9",0.9667385554142522
"10625_8",0.9718819342396052
"12307_9",0.9630893893608484
"325_10",0.9910004152055856
"4393_10",0.9333287345315533
"8755_2",0.034359614248649036
"2645_4",0.048484240095985974
"10712_8",0.9793698395866055
"10358_7",0.1713345883246743
"10913_1",0.07391486301714388
"8406_7",0.9554441708368351
"12131_8",0.9783876431116851
"8306_7",0.9613094830602343
"8722_9",0.9890140895208547
"6363_3",0.03208801549849501
"6876_10",0.9826198019937176
"10802_8",0.10185837576652143
"6078_2",0.03899539646248423
"4558_8",0.9887570356348877
"643_4",0.03912515714459415
"9956_10",0.864251338630149
"7267_8",0.9828482356552152
"10491_7",0.9535719437537514
"5105_8",0.9898365236766569
"7213_10",0.9606714587338188
"8442_2",0.08905972971394203
"11035_10",0.9700172133439824
"9961_3",0.10588841747173083
"2616_1",0.03878015883688484
"7666_4",0.05210880630450887
"548_4",0.10356663393050863
"2425_10",0.9900532227773471
"4173_1",0.035997240088442926
"3558_10",0.9882394941548537
"4117_3",0.054266633119477284
"9803_3",0.05846487156609215
"1545_1",0.04039592375219296
"6564_7",0.964054642322802
"1306_1",0.035239358205701
"632_1",0.038996027912204106
"3132_8",0.984138790118064
"5755_2",0.03545500550677957
"5282_1",0.03539136776640249
"5891_10",0.9924778913016705
"3961_7",0.9869844947354744
"4107_1",0.06398340907587546
"2370_8",0.9654531047419329
"1363_1",0.03645393146842148
"5359_9",0.9906551237072688
"759_10",0.9880658175633775
"727_8",0.9804197020193501
"1875_1",0.03854174075058302
"10586_1",0.03661119446154942
"4906_1",0.03698114362966317
"11685_4",0.03741863552763612
"1632_1",0.04761615194597397
"4913_10",0.9797078317361415
"11375_1",0.1766609203574793
"423_10",0.9756140053011838
"5957_9",0.979302236825407
"9389_1",0.034586918061319076
"10450_7",0.9893898802003741
"4205_1",0.07609097195609339
"2983_1",0.03450369808267057
"7895_1",0.03407519683265519
"2761_4",0.03865240657718189
"3359_1",0.029795798911536907
"687_9",0.9843551940604471
"8150_1",0.04942256770754433
"1647_10",0.9805877718717919
"10920_8",0.9775465101836475
"4813_8",0.8352909712578426
"4628_10",0.9365181437306287
"5738_4",0.038551570254204984
"11255_3",0.04413982269272488
"7801_10",0.976621472547874
"3258_2",0.035633072497655634
"10513_7",0.8197360799347571
"9358_8",0.9858082251845437
"6864_2",0.038077435381747814
"3038_8",0.7523741895403684
"6928_1",0.7986733924295555
"10277_10",0.9798992553151841
"9231_1",0.03737229778762451
"8098_7",0.7368402009096999
"11550_10",0.9437226912439943
"10233_7",0.8727342189112988
"180_3",0.051865639971928425
"538_8",0.9432954927554518
"4977_9",0.8099530364217101
"11386_3",0.1231033672146234
"1045_3",0.22127136064659716
"61_1",0.09485299687212477
"6907_8",0.9806510776813421
"11368_10",0.9728254817554538
"10_3",0.038853784381583475
"7034_3",0.08673639625476937
"3051_10",0.9818318647957596
"362_9",0.9814466311016763
"8037_7",0.9684491529183928
"11408_4",0.05680019542368561
"8783_7",0.9724242461446598
"1755_10",0.9862094168141395
"3610_3",0.04559904941412893
"1376_3",0.08775870889087672
"4970_9",0.24770314613207559
"7802_9",0.977274635221118
"4169_1",0.025847603389195402
"2063_4",0.9614396298655495
"2825_10",0.9756400534916172
"10758_10",0.9948811516154501
"10778_2",0.03512403292137102
"979_10",0.9778727140215615
"11700_4",0.9461720426882726
"7848_10",0.9676897095377135
"1294_7",0.9894290950383573
"4806_4",0.8419863152183379
"10159_4",0.8833157200685152
"3461_4",0.6687042327116522
"10312_1",0.17919510844652617
"4297_1",0.03893161710367851
"5081_2",0.06865305037267286
"2156_1",0.03761431548119027
"8417_1",0.049432623962002924
"10182_10",0.9705428659008541
"11732_2",0.03629787443460813
"10078_3",0.04522097579846214
"4772_1",0.03734674337321389
"6187_4",0.05620230591952128
"4219_10",0.9877509800458256
"5208_8",0.8975894992148009
"4935_2",0.036983239487325854
"6528_10",0.9855540577061878
"4080_1",0.04137603072732989
"6147_10",0.8799526136737397
"1352_2",0.0645946640830079
"5675_9",0.9496741116872709
"3024_4",0.03913164041611996
"6930_3",0.04017180134149061
"7005_1",0.04540158445372106
"380_9",0.15043867051460189
"5923_3",0.10723076799371759
"1246_9",0.9829602132865771
"3081_8",0.9880150893571487
"11913_3",0.07462647096090572
"4112_8",0.9761636235279072
"1440_8",0.958638251166552
"12123_7",0.17819883598302128
"3731_1",0.0362735771730391
"420_10",0.8763725223180732
"5862_1",0.03712288286816661
"10864_7",0.9817278738079639
"3484_1",0.04065578978710945
"9438_4",0.06216636667126381
"7032_10",0.9934211910760542
"7670_2",0.11616791023078223
"5251_9",0.9478068516169643
"5296_7",0.9320369077791745
"9161_7",0.07575077015125592
"6446_4",0.04132754930267893
"11694_8",0.9843842421596338
"1674_9",0.9881924457840392
"8831_10",0.8827189382998979
"11813_10",0.9888984824273921
"3380_1",0.03823519922591888
"8653_10",0.9870163356195534
"10485_1",0.03839137332570545
"3771_9",0.9383554952763302
"5534_1",0.03881258296970081
"2_7",0.942878755071076
"2334_9",0.9904324834196869
"8327_4",0.08784331663866578
"8552_9",0.9827915788081114
"9117_10",0.9843408137512353
"11953_10",0.9747425444401786
"7015_4",0.8277009135229927
"9649_10",0.9868275949226448
"1701_1",0.07860014416720415
"1946_3",0.04045852556857164
"1536_10",0.9648080366715854
"6419_7",0.9774653203256348
"6619_10",0.9551737338931767
"3715_10",0.9932905040918398
"6001_9",0.9910613500205233
"4555_9",0.9773742591188781
"6367_4",0.05991477018635327
"8350_10",0.9526261685936634
"8376_7",0.9674353538748537
"8231_1",0.036993797571704685
"11595_9",0.9901832847390252
"10372_4",0.26881008825418345
"2711_8",0.9750785720936398
"407_4",0.03618196250425055
"10798_10",0.8924009774829958
"5358_1",0.03643795890983784
"158_1",0.03667288956563958
"6578_7",0.9852350604003279
"217_8",0.9797047688492013
"4535_10",0.984645165644839
"4887_10",0.8574171711481546
"5595_4",0.1065999675275498
"1837_9",0.9866822429156749
"7723_1",0.036142293942869594
"1935_7",0.8216499923935352
"7357_4",0.04796173591521911
"3293_3",0.05372291065110921
"5176_1",0.038053403315864286
"10930_7",0.8903035916339185
"4618_1",0.047934492572187785
"15_2",0.03622172531745225
"4009_1",0.24069207972766254
"3854_1",0.03772712012227913
"2889_10",0.9910992858816264
"2737_1",0.946015505832999
"9811_3",0.06262227583348061
"12016_2",0.05676330251577333
"8470_10",0.8064320645972051
"2965_7",0.07225281604959741
"6620_1",0.04157512807063958
"7447_3",0.03867658402113121
"1197_9",0.9907202544583047
"9750_9",0.9561210390984978
"3001_1",0.04238661892760917
"8068_2",0.0415024019410676
"5660_1",0.05536392699089332
"5595_10",0.9199108618098923
"4377_4",0.141598411107807
"7354_8",0.12011067020468322
"11858_1",0.03461135349296372
"7611_2",0.04996684761230877
"6855_7",0.8869781270940833
"11522_1",0.03843908503079917
"21_9",0.9684126069871983
"3423_9",0.9843633888843055
"2061_8",0.9903293899850607
"5594_10",0.9830871147035763
"6106_3",0.08501387983545608
"9222_1",0.03707762953504446
"2305_3",0.03786351793769367
"12493_4",0.9593037868457079
"8841_9",0.9225339799293863
"3824_8",0.9868876827900268
"703_8",0.966762403460886
"1638_1",0.038425109738290684
"11339_4",0.03918009312637847
"10173_1",0.037922040819285685
"6481_2",0.09954580906731819
"9468_2",0.12028620631765774
"1830_9",0.9904423737268143
"9940_8",0.9596093289050948
"7768_1",0.05715343537201126
"414_2",0.04115100552742282
"9554_3",0.03738577600931253
"2894_4",0.03735311607416749
"2509_7",0.9665049780585335
"2430_2",0.07121339979199237
"10244_7",0.9819228991580312
"2874_9",0.04175957186366597
"4615_4",0.8629301375938723
"9011_10",0.9880868372186106
"8977_9",0.9642065121313718
"6709_9",0.13719112326603716
"7963_3",0.20213658710901716
"7531_10",0.9553590742963477
"5058_3",0.05863521734725624
"2875_2",0.16369229384102785
"9191_8",0.9663253272566871
"2596_10",0.9660343038345304
"9660_8",0.9790595917985293
"3682_1",0.038834194458824856
"4189_1",0.035204853038384304
"739_10",0.9875849735686102
"836_4",0.05339338109595483
"2422_7",0.14754407406910874
"4318_1",0.03864167540531853
"1443_2",0.036403250246076026
"2782_8",0.9764703484242765
"10260_1",0.23001442417654389
"10624_10",0.9881001386560391
"3288_8",0.965994942591056
"155_2",0.03551558608429989
"4941_9",0.9631863997094394
"1449_8",0.9907926834359334
"10575_1",0.03471648456964929
"3568_4",0.8268120640895983
"261_9",0.9737362146832022
"10420_9",0.9892451328891225
"4008_1",0.22657914943974514
"4263_9",0.9099945785727985
"11924_4",0.08794528585427847
"11488_7",0.9656267945889858
"1599_1",0.04032358355585655
"11383_10",0.9933443757277918
"1800_9",0.888101424005118
"9705_10",0.9689954464508195
"10044_8",0.9751438189926137
"471_3",0.06839690458041169
"3494_9",0.9214591949165777
"11492_10",0.2773440711018552
"257_3",0.07229242064781208
"10745_1",0.038887337184975446
"7305_1",0.03460345701078559
"6239_8",0.8832749216302862
"3068_10",0.9609393273830189
"2862_1",0.03597615474380793
"11217_4",0.8327017070953066
"10650_9",0.9837814727428501
"3588_10",0.9850720514870939
"8345_10",0.9456957373781139
"9980_2",0.05968475998900478
"8901_1",0.05413518940862391
"5438_8",0.9858045010506362
"10879_10",0.9899108113969151
"9064_3",0.8775504423981227
"193_9",0.8238851324677992
"470_4",0.05042107530028782
"5128_7",0.9344151254557044
"10542_10",0.13663695080275257
"205_10",0.9812982034844767
"8091_7",0.9881774247662558
"11383_3",0.03767895737286322
"10274_2",0.03717095434503618
"7865_7",0.9766149985010381
"7525_1",0.05133708445248102
"2168_2",0.0364956532115509
"11082_8",0.985123225751311
"1991_2",0.04406805817088747
"10524_10",0.9855364856534388
"4628_3",0.25005143151358916
"4269_7",0.9866721791961685
"7367_2",0.04071149083644993
"1390_1",0.11111977074333237
"7158_1",0.14169811686440992
"12442_10",0.9154209982860084
"8388_1",0.03935327568844782
"7980_7",0.9715415332592908
"3054_1",0.04009853765315679
"11143_2",0.05956247736767565
"2238_1",0.06085715520161989
"949_3",0.04373800628589352
"42_4",0.08563606030254999
"4093_7",0.9849315413045233
"3657_3",0.7909397784252711
"9812_10",0.9901597150369438
"6879_3",0.11702073319261366
"2189_8",0.9758313496756512
"11804_1",0.037617551257661266
"5280_10",0.9793527503492004
"411_8",0.7627641006258385
"5673_1",0.03488898848296095
"11633_2",0.034725965968473736
"10389_1",0.034576677681482565
"9516_10",0.9273672642285943
"12169_8",0.9824828201272515
"232_7",0.9787836907297522
"6061_4",0.03762957185760299
"6755_8",0.9117415305085925
"2880_10",0.20226757739132306
"4187_7",0.9443027429378189
"4175_7",0.9808536293576979
"11674_3",0.1271399090828637
"10397_1",0.0402255566563279
"4334_10",0.9565524041305928
"7654_10",0.9674058085570907
"1657_9",0.9857431034720221
"2025_2",0.0397152383989339
"2276_4",0.03972085146032098
"1957_10",0.9584806282858123
"11627_4",0.042035828449424224
"11799_4",0.03674251898877089
"10251_10",0.9829832335743574
"1231_4",0.10019915655586707
"8302_8",0.9617812259113067
"12342_7",0.05656192229400245
"8105_3",0.2182888423586841
"3892_4",0.05743551345873106
"8473_9",0.9752545077053792
"448_8",0.9836873334856422
"7317_2",0.12489411322355558
"2074_1",0.05378797339778634
"12249_7",0.9796714436701673
"5467_2",0.04199556844065287
"12109_1",0.12363185345649372
"11511_1",0.0365214590982475
"9476_3",0.9338593767191463
"1170_10",0.9845596800889629
"8970_9",0.07116943867882941
"12308_1",0.03797105489154086
"3101_8",0.9655587752122351
"3066_1",0.03405188437513499
"11519_7",0.934476615256739
"5314_2",0.035351793879159245
"9160_4",0.1677204830783679
"6512_3",0.11069812963990754
"7836_4",0.09752288576880229
"11429_1",0.3087023140968899
"12043_9",0.9507323494841178
"270_1",0.037156110853005055
"821_1",0.04552594915166096
"4572_10",0.9700825183030704
"11437_1",0.03779735338544171
"4899_3",0.07110626129620613
"8226_9",0.983131914364538
"5445_9",0.9904286814502528
"2459_2",0.046089155108455564
"12192_7",0.9557168704376768
"5459_9",0.9255849537048539
"7308_7",0.9386957686792905
"11308_1",0.042014854976467966
"4122_3",0.037447015548087326
"144_9",0.9335408942085239
"12145_4",0.7291304764565761
"8511_8",0.851712620293357
"11319_7",0.9841613419078995
"9257_10",0.9864103760966061
"6737_3",0.03844171976988024
"9327_9",0.9884033737093674
"1246_1",0.037911458256377054
"11239_10",0.990381679179936
"2915_1",0.05033872499935888
"6019_10",0.9896050922909998
"1151_9",0.9732752669644729
"11796_2",0.042300396472914246
"10400_9",0.826721766246402
"9599_10",0.933522417712152
"2283_3",0.042766308204169184
"5474_3",0.04238252271894622
"2670_3",0.03481696357795099
"6_3",0.2078968946058113
"69_4",0.05585847835844541
"11234_10",0.8806425440467037
"6575_10",0.9894477224524575
"9391_1",0.03519876255421384
"12053_1",0.03576130018386233
"1387_8",0.9470606447869817
"2649_9",0.9614142091083009
"9004_4",0.07922684625692987
"8723_1",0.044168625054340105
"11609_1",0.03913812072487792
"9585_2",0.062324662490757625
"2736_1",0.034029381390061474
"6607_2",0.05959364785154535
"11939_2",0.034263519536249294
"2024_8",0.98187594366919
"1503_8",0.3309541427921242
"10177_10",0.9794920363504893
"10266_1",0.03632223807927676
"547_7",0.7724500879768473
"5272_10",0.9459663648531005
"5204_9",0.9321694900830491
"9369_2",0.044472331280587446
"6273_1",0.03428903844261967
"10825_7",0.9712994909053317
"644_8",0.14006707163501703
"347_1",0.038833230995988476
"12309_1",0.035864492870372716
"5502_10",0.9342626935021632
"7203_1",0.038951377455586245
"8714_2",0.05536520882240094
"713_8",0.9427373125613479
"10289_1",0.8257630966560885
"7666_8",0.12725711120933242
"6753_1",0.049579036891971615
"6350_1",0.03407770337902154
"11232_8",0.9469169936904002
"10551_1",0.041082320500166726
"5967_7",0.9006726264290654
"1049_3",0.042676375105793425
"11238_10",0.17291241951650801
"8043_9",0.9769525009595138
"8751_4",0.048028818386302935
"6514_2",0.05930406129698837
"1461_3",0.04282284304173194
"12137_8",0.9809521911796849
"9884_1",0.034294003594476104
"4652_10",0.9866352900227078
"3169_4",0.05347872404792208
"4138_8",0.9890567044960961
"6125_7",0.8969577443210363
"7298_8",0.9856052623489459
"4602_8",0.12567381563500254
"3523_1",0.04783869686722586
"10990_1",0.056005769778642245
"9278_1",0.04686165496279043
"2614_3",0.038113813988655175
"4762_3",0.03569923636145447
"2557_9",0.9881589167945131
"9390_1",0.03437075693670716
"7144_10",0.9820241465196751
"6655_7",0.18837066891458476
"9806_3",0.03743106813173696
"986_10",0.978650701337917
"9969_10",0.21365430340428
"8915_1",0.045748260545038374
"3888_2",0.035518577222735645
"1963_1",0.0379770336380909
"10523_9",0.9511965839211638
"9995_2",0.9338153236039581
"4491_1",0.06896545102531472
"926_10",0.9896427464436862
"5679_7",0.13348312066081558
"5201_8",0.23940429675414446
"9785_3",0.03734024879402032
"337_1",0.035645406118690846
"4129_3",0.03925197198366647
"9231_8",0.9312044825947003
"2058_2",0.03274341892003394
"4801_10",0.9895153797477667
"2116_1",0.0442346077055747
"11539_10",0.9822217865625269
"200_4",0.0914384807014018
"8271_10",0.988718389921972
"10088_8",0.9353442441892367
"10816_10",0.982537352030498
"80_7",0.1708129115747561
"9331_7",0.9837819545985393
"3866_9",0.9921171215009603
"4534_3",0.060871612079651596
"8981_9",0.947460399928794
"510_7",0.9003661467085986
"4980_1",0.03907854530464921
"3336_1",0.7648782245786511
"1934_7",0.9657883864708269
"2815_4",0.9858003607838607
"6606_4",0.9510634249625328
"11802_1",0.04053208449301366
"6312_9",0.9830364885889773
"1914_2",0.040160981321862896
"1970_8",0.9862824427163188
"9791_10",0.09649424764045264
"3721_10",0.8760249956586641
"7947_10",0.9812908217445852
"8009_10",0.9687822735304115
"3370_7",0.9737309452375367
"8943_3",0.21997661445181516
"5873_10",0.15310241684057768
"7379_1",0.03412470503632437
"3585_10",0.9931600877533663
"6934_10",0.9802452452320494
"5841_1",0.04108515777954492
"1354_7",0.9252611747400625
"9215_10",0.9034961536567858
"2668_4",0.036599450127366415
"8441_8",0.9845581049631705
"5255_7",0.034734324473379374
"3649_1",0.0370529083844984
"1169_10",0.9907403569127717
"2366_7",0.9390413865526573
"4229_1",0.03810600962917618
"29_3",0.8035952964964643
"6109_2",0.06490087728176985
"11174_4",0.036703742852744574
"12477_7",0.10622980981770723
"11713_1",0.02786742292469188
"2231_2",0.03736233428877462
"7598_8",0.9873365085731518
"5095_3",0.06806449103834125
"3062_10",0.9811781183043299
"11451_7",0.9880943171150135
"7100_3",0.03512531936817742
"11005_1",0.03817614866274279
"9902_8",0.9625514884325853
"8850_10",0.9873772990344793
"5542_2",0.06336087793077656
"9371_1",0.03866627362580605
"8042_7",0.9765346056094883
"1757_1",0.05822994080849649
"2256_1",0.05694422497786551
"9793_3",0.04210285988875178
"11791_2",0.7874758261218905
"4814_2",0.09104513413679717
"630_7",0.9846354789401566
"10622_10",0.9833270540469252
"5781_1",0.07459417654311676
"7422_10",0.9852741954926661
"10084_10",0.9829501693413477
"9550_9",0.9665364650117361
"11646_8",0.9158470391041331
"110_1",0.06136068238307827
"4811_1",0.03651278480678872
"9559_4",0.039025803442716486
"2755_10",0.9674958383943104
"698_1",0.038903969320691234
"8437_1",0.09352419592452743
"1470_8",0.928364893261689
"11449_8",0.06844206557169458
"8078_8",0.9819361790447547
"238_1",0.03430007955237992
"4950_10",0.9884784395004771
"10793_7",0.9487160476627675
"8497_10",0.9917514759357283
"9160_9",0.17773573116272334
"8472_1",0.07898633594816783
"1583_8",0.960272648313919
"2923_3",0.06765357119837585
"9770_4",0.91896730674909
"10706_2",0.04962706210546841
"4573_2",0.11552424911780101
"11176_10",0.9801202610897407
"616_1",0.03497858243917593
"4574_8",0.9878356560401915
"8465_10",0.937809321944281
"4049_9",0.9766177816617325
"3707_3",0.03407324781953286
"4398_10",0.9769102525111121
"11727_1",0.044113191217396944
"7244_8",0.9902904575778109
"549_3",0.8543292169784575
"9461_1",0.21237059361906213
"6748_3",0.045803196894365995
"7093_10",0.9755594778947061
"9115_10",0.9901319963573216
"8284_9",0.9919158693202008
"469_8",0.2220530050165627
"1281_9",0.9840675359187053
"2816_3",0.05120500846414279
"11001_7",0.9662030307002285
"6987_2",0.035982795760497205
"5428_3",0.03503071060912287
"5992_10",0.989030029759673
"2315_1",0.036378773991403775
"7329_7",0.98445817654181
"3956_1",0.03651057199302568
"11453_1",0.05346390997663996
"726_1",0.03562229114018033
"10517_1",0.06713079762686221
"4494_8",0.9343868005611067
"11980_10",0.9881100333118443
"2926_1",0.7349127121915771
"1671_2",0.11622440980508139
"8291_4",0.040287061800128796
"948_8",0.8561191325050294
"8122_1",0.35676560923473244
"9343_10",0.980093592343365
"6011_10",0.9680375359726625
"7156_4",0.05099132227348999
"9596_2",0.040363092217172464
"10583_10",0.9908239011638966
"3190_10",0.961890125494983
"10841_10",0.9840014042082694
"6122_8",0.11633269485369686
"1315_10",0.948499682020422
"3667_1",0.04403968787393196
"4225_2",0.0330192048837248
"11268_8",0.9759759500704552
"412_7",0.9688618247051839
"4891_10",0.9882863497334405
"4791_10",0.9875112371099884
"4463_2",0.03567961631217794
"3173_7",0.2115782937974669
"2937_8",0.9596402583703854
"9438_10",0.06882556529935048
"9900_9",0.9310553300069476
"424_10",0.9876477724630814
"955_10",0.9623952826486513
"10060_3",0.03676937944967248
"6063_9",0.9864178047498037
"1960_1",0.03550926522112068
"1456_8",0.9395532639382145
"1859_2",0.039893243223618785
"1262_8",0.9899026907871403
"5325_4",0.05006817938531518
"5944_4",0.04914156923845345
"2805_4",0.8298033939480356
"11591_1",0.023447833550196563
"3257_1",0.03951779468912794
"11444_3",0.04223445046265979
"5446_3",0.26529497233685684
"11801_1",0.07025897548410893
"8653_2",0.035057300875051316
"10939_1",0.03595638923743781
"10079_10",0.9430103851346674
"8188_1",0.044009668888625744
"3825_3",0.03798571099767673
"6659_2",0.04669549250142074
"9779_2",0.040993686623619977
"2852_2",0.036180038597816405
"11117_7",0.9886272928300333
"4367_3",0.9243430572188163
"7538_4",0.817225208961732
"9183_3",0.21683238571630267
"1910_8",0.9613971506199093
"4563_4",0.07754631383912741
"7743_7",0.9734236756891483
"6770_1",0.040344042722482876
"10133_4",0.041116143745590375
"6279_8",0.8593482294100029
"7907_1",0.03279358473657913
"1458_2",0.03745730597919279
"12427_1",0.06131947488156031
"3221_10",0.9581797430956192
"1614_10",0.9895892700366506
"2761_10",0.8735134247420654
"5151_4",0.07199350468993751
"8803_8",0.9599249700694354
"10726_1",0.03774467093560212
"824_8",0.8656132612830717
"12377_10",0.9744560780809423
"3401_3",0.039262288074664274
"3603_7",0.6927833014608186
"3655_4",0.04109787377895094
"9963_3",0.06264711319963108
"4266_1",0.034638587508183466
"1176_4",0.08962748515467231
"959_4",0.0757670632899942
"4494_1",0.15179385433326215
"12381_10",0.9802132156429877
"4603_8",0.8615620837827381
"625_2",0.8474525730139002
"7597_3",0.039496196378730704
"594_9",0.9740592183824672
"10998_10",0.9858224725718767
"5122_10",0.9712898583118423
"9820_10",0.9740915375346582
"2428_1",0.03128345770134237
"10928_1",0.03503544225529909
"9083_2",0.07522918437817569
"8669_1",0.03903803184324659
"9159_9",0.8938341347610514
"4171_10",0.9003177093963097
"7985_8",0.9888461956805716
"4181_1",0.03919818967384062
"4577_8",0.7379949450094525
"910_4",0.04770872383535247
"10673_4",0.17979481907303346
"1530_10",0.9560870408839536
"2436_4",0.11072965506059135
"3934_10",0.9525975065060437
"9273_1",0.051509554890856776
"3188_9",0.9900440085703817
"1826_4",0.03810137279592688
"4777_1",0.03916591192493569
"7449_10",0.9889747474950021
"490_2",0.895310687327027
"1351_1",0.03515285050235236
"9172_7",0.9772612974136277
"6211_8",0.9723129421872221
"7114_8",0.8397578060774777
"1316_2",0.034665166905579824
"6531_10",0.9802914902884248
"4381_3",0.03780619055090115
"10347_1",0.03837514678217665
"5497_8",0.987594548592516
"7041_10",0.988080125150735
"4466_4",0.03992628942916245
"1690_1",0.03644126778373999
"912_1",0.03919707182583566
"10342_1",0.03613928688931624
"6323_4",0.05020102160706208
"3243_1",0.05282887049341737
"9143_1",0.043868853288557136
"7175_3",0.055278012904777685
"1962_7",0.9557096771673419
"11135_7",0.9502060746519227
"8524_1",0.19426281430641712
"10026_3",0.07421728090548994
"3031_4",0.8936372951710132
"1766_2",0.05200229238747012
"6042_10",0.9180989373869157
"3357_7",0.9809992404952115
"11065_10",0.9279856563925863
"11641_9",0.9461427239419352
"4389_2",0.03919664878157114
"10946_1",0.03497731877335297
"6385_10",0.986816874462516
"5520_4",0.9738865853985502
"8036_8",0.9793431756930537
"4726_4",0.759913722843422
"1510_8",0.04014305716388678
"11016_8",0.9733230188436365
"893_1",0.03900112431481783
"655_3",0.049305896720564145
"12226_7",0.03868883463638318
"3878_10",0.9819860004226851
"8589_8",0.9428287503143236
"4108_10",0.9357696379829644
"8586_3",0.04204846118688315
"2326_9",0.9827330277159066
"155_8",0.2620073690198562
"11073_7",0.09276054941471998
"1672_10",0.9821736624789341
"1715_8",0.19288718325839443
"10443_7",0.9819298973612994
"9673_1",0.06489409715506969
"10731_9",0.15783408106080687
"4427_3",0.7998219473999255
"422_3",0.08503557056460719
"7121_3",0.05068563748339676
"4415_4",0.20470303002154286
"11599_1",0.8973899665722932
"6015_9",0.9031970943850431
"3470_1",0.0360257289094942
"3951_10",0.9791625822798858
"2665_10",0.990735367736678
"10295_10",0.9748748091599306
"3220_10",0.9894068511994517
"4748_1",0.031101377124313923
"189_9",0.9916128535426404
"3502_9",0.855063253672743
"10561_9",0.9886010533511955
"5051_4",0.9634988217929428
"7644_7",0.8300191797445519
"559_4",0.9245202420686147
"3236_1",0.04956115794795035
"9985_9",0.9883102049274142
"3512_7",0.9823644434269707
"10318_1",0.03352783048471014
"3509_1",0.03849053083391811
"7686_10",0.9370349864098938
"8947_8",0.9615852715876462
"6783_10",0.9777430278784152
"9836_10",0.9857393289246087
"971_3",0.04094071389620051
"1127_1",0.03549816225090105
"8953_7",0.2756187909510317
"5763_10",0.8150377880747368
"9147_10",0.8365781611365191
"10688_1",0.04015154262254017
"2148_7",0.9813078168437921
"8997_10",0.9807619953599872
"3094_10",0.9732581962949072
"1152_3",0.09594448777738321
"1907_10",0.9824231623304703
"1845_10",0.9903431182473359
"6852_7",0.9579801476345258
"5573_10",0.9881095656575087
"8709_2",0.1414590484517193
"2882_10",0.9291660978736462
"11230_8",0.9405831585524235
"10124_3",0.07984484263646524
"12361_1",0.16886182659957188
"8117_4",0.053017624653342234
"1192_10",0.9740772272111741
"1657_4",0.1474428063903498
"10319_8",0.14452163960621553
"10954_1",0.11240458171762892
"2048_10",0.8021441973474099
"5763_4",0.04551531604792278
"9491_10",0.9874084520994777
"4081_3",0.06343718447262701
"4877_9",0.12872367799182804
"10981_9",0.9912466704941765
"11440_1",0.035701395824556434
"7608_2",0.03935748129310629
"194_1",0.03990787620696975
"7116_7",0.040129349961260274
"2118_10",0.9698625042194491
"9997_10",0.9891147562008831
"3880_1",0.04501119596785561
"4197_10",0.8417191743254983
"1166_10",0.13970236957273335
"3504_8",0.8512585560576338
"3170_10",0.970452097958495
"1477_8",0.9735182146913851
"881_8",0.9859017741734538
"10229_2",0.07907679400150285
"9515_1",0.03568499189219817
"6714_7",0.8625230591037887
"8570_8",0.12479176271217995
"6892_10",0.9893747015698572
"8710_10",0.9902115360801145
"9135_10",0.8929968504927104
"10924_10",0.9882867764890639
"5252_4",0.10385413207105972
"6581_10",0.9872641748033246
"8837_10",0.9223274818639129
"3820_1",0.03501166170367847
"9914_3",0.036309787048406254
"3141_1",0.03729015374106399
"7893_1",0.03518974227381298
"306_1",0.041192637667938986
"2527_3",0.09377793981697655
"8148_2",0.040963244309822844
"9778_10",0.9875298249863399
"10438_9",0.989396686337565
"5230_4",0.04154993028964515
"1691_1",0.07164042016427523
"6124_10",0.8740992941364887
"5256_3",0.7326227459175079
"4294_7",0.9756461463826043
"10575_10",0.978584785848609
"9610_9",0.9577188292386869
"563_10",0.9659468327937184
"6328_10",0.9907787548570423
"6903_2",0.03436390001007064
"6899_4",0.16772718922195504
"7166_4",0.7607007587103743
"2993_4",0.8013560753690203
"10771_8",0.9640225574572479
"11298_1",0.03406643822077222
"9101_2",0.042579382087735575
"7716_3",0.037433870447821226
"2722_1",0.03989563048538794
"5227_8",0.979002931453197
"241_1",0.035386441209601924
"192_2",0.03297825294241417
"9006_10",0.9907224641443344
"5505_7",0.8260183525666194
"10822_8",0.9879417575123295
"1046_1",0.037964085411271754
"1865_3",0.038362953799199254
"11845_7",0.9859068288622128
"6675_7",0.9858402328961838
"6240_1",0.03610617589179581
"10392_8",0.9680623476767254
"3405_10",0.9836017576217826
"11919_10",0.9629897608914141
"2294_9",0.9818893801469409
"1097_3",0.1865468784173346
"6888_10",0.9874603987059081
"12373_1",0.03698601715980259
"11785_10",0.9614341272780336
"11805_1",0.040468939350561645
"2328_9",0.982311864042044
"2636_1",0.034695390354036765
"12359_7",0.17050653091814305
"7733_8",0.22257635359661387
"9877_1",0.051809070177574294
"12266_7",0.9831056277436071
"8274_1",0.06214579810552124
"11727_8",0.986137269312771
"12389_8",0.8678185639636445
"2464_4",0.13879741212423077
"4930_1",0.040012489062656004
"11304_9",0.9867825897109264
"2140_1",0.03596885723317517
"11168_9",0.9298360289361403
"1772_9",0.963986213148266
"3857_8",0.9835729290047639
"4559_3",0.035175703225733226
"6986_8",0.8181653198829867
"9647_1",0.03834911477405906
"11714_1",0.03906079991904939
"5436_2",0.06789009735987576
"2736_9",0.9771363201684709
"4499_8",0.982117838378535
"2701_10",0.9850351573885895
"11604_8",0.9885310076655063
"6133_1",0.03995791673071661
"4151_3",0.9637763995058268
"3978_3",0.03840468914969775
"1973_9",0.9352634382115189
"11752_10",0.9842812444933782
"10192_10",0.9711077639180086
"8318_4",0.038355115698022905
"5685_1",0.035568975881099425
"8978_4",0.11373941193350942
"12289_10",0.8910498383205784
"5603_9",0.9705625253069072
"5209_10",0.955142103409495
"8360_7",0.7842905226493688
"5690_2",0.037797643642558984
"8463_10",0.18380282453653646
"5304_10",0.9873511665668788
"720_10",0.9870878600757722
"9301_3",0.04012385229999794
"1392_1",0.0957332740122231
"10893_4",0.9084608442323144
"1299_9",0.9715177489697847
"5552_2",0.03888470932824282
"4348_4",0.1256211400155332
"12384_4",0.038352786839071985
"11947_2",0.12071495069010828
"1740_3",0.03826137155947375
"7869_10",0.9724498103228909
"5959_7",0.8479138705847351
"2301_8",0.9878810108560264
"5572_7",0.8592751602543859
"3716_1",0.18847144858849996
"8558_7",0.9132462170467247
"12210_1",0.03484140688910092
"3744_4",0.04531269325065865
"12487_2",0.038159965180178286
"5348_7",0.9168267565226605
"1065_1",0.04026378074836796
"1414_10",0.9733647948968221
"2672_4",0.05482405231256782
"1014_8",0.0981959607854574
"2248_10",0.9537494956727165
"2221_8",0.9582587786909629
"4576_1",0.06465567878397022
"10578_10",0.9508506421135332
"8525_2",0.042091300029068295
"5332_8",0.19913058124582378
"12007_2",0.03643701914810193
"1107_2",0.04424975518462694
"8295_10",0.9907649132349345
"10093_1",0.03642374528422112
"6441_1",0.0554887968234099
"10422_3",0.04069012498718177
"11034_3",0.07346634244338276
"3379_9",0.9892452599302307
"7512_1",0.03423412732026428
"12165_1",0.038639404602099026
"11634_10",0.11574808933164095
"4567_10",0.7541950356092496
"6971_8",0.9859977450153936
"2145_3",0.739484871081934
"5639_1",0.03462026312810803
"8049_7",0.8582217323394593
"7953_1",0.04001273842858406
"12440_4",0.04593429642634152
"9134_8",0.9919098832404192
"5720_10",0.9743722652499124
"1851_10",0.98326327638841
"3673_10",0.9758919914160653
"9037_3",0.9680466406613218
"8547_10",0.9906265119387623
"111_10",0.8725426946292467
"5279_9",0.9862937805446207
"2379_9",0.9791001442573268
"6000_10",0.9388822464500474
"990_7",0.7933831219829865
"1519_9",0.8985074751062713
"5987_7",0.8243767210585734
"2959_7",0.953433759135925
"8898_2",0.03829503776370458
"5746_10",0.9874886032357504
"6268_8",0.11370729315464027
"5449_7",0.042047426863661315
"5561_1",0.03870008896525996
"11470_3",0.03564588319282388
"11837_1",0.03972225395284198
"6761_10",0.9889795035287895
"1590_1",0.039525180317532535
"927_10",0.9904424861860611
"1495_9",0.9845859804556307
"10529_7",0.9510268932563419
"7704_2",0.0552449269271887
"10707_3",0.0396228363201241
"3862_1",0.036931116221553824
"3612_7",0.988686138389634
"8212_2",0.0389069088320694
"10649_10",0.9879771000474824
"9767_1",0.0639029889720733
"4054_3",0.03888605867690309
"9783_3",0.038926374391164614
"3116_2",0.13992712909689625
"4631_10",0.9738860030256641
"7228_1",0.04143035318395796
"2744_8",0.8911227602353632
"6028_10",0.9842794858428336
"10812_9",0.9554111559218936
"417_10",0.9795066668970647
"11876_10",0.9900522935649625
"946_7",0.9538368822270473
"8265_10",0.9818197563647808
"6833_10",0.8965120955163544
"4150_4",0.8082030481071877
"899_9",0.9669925645210532
"223_10",0.9719058164625427
"7369_3",0.05574523045178643
"5075_8",0.9429176544405661
"6634_1",0.035740712278063094
"3486_8",0.9113298317862171
"11473_1",0.12280385950614864
"3276_10",0.992394180782943
"3272_2",0.056506396855301275
"2727_3",0.05248392223089248
"4134_7",0.08407241932914888
"5744_3",0.04229285641385413
"8715_1",0.03567755660293311
"4812_1",0.035938535720106295
"6841_1",0.03549840536122214
"6822_1",0.7448905509633298
"3211_4",0.8110057309653138
"5489_2",0.0426606569354644
"1168_1",0.044683587554458226
"3056_9",0.9279257211334493
"4516_10",0.9880305469395596
"9542_1",0.035918619854061
"4400_10",0.9906242960754689
"2766_10",0.9877981296319963
"6470_8",0.8130472697394379
"5434_1",0.044998143390014705
"1406_4",0.06979777901450242
"11479_8",0.9516050766900437
"9881_10",0.9473066547232707
"10276_1",0.025742979298033264
"2875_8",0.9451422006088729
"1254_2",0.18567441464938356
"8017_10",0.9505947503583928
"9694_10",0.9045257391400976
"9522_1",0.042373450407663646
"11379_2",0.042216775035011346
"7357_10",0.8764620659706458
"6080_9",0.07229109364012004
"2039_10",0.9945169609275342
"7086_8",0.9683383460301447
"4757_10",0.9769585770278624
"2472_10",0.7966515603683699
"9442_1",0.03839631416126296
"12438_10",0.9051667870831008
"747_8",0.9702634097167593
"6786_4",0.10451049767031394
"11942_8",0.929528670388566
"8611_9",0.9610924821990814
"9240_8",0.9771661481651194
"7411_4",0.037953191358412755
"5196_4",0.03488255454038359
"5709_3",0.16025647534885662
"6758_3",0.03631055829468327
"1933_9",0.975162241068384
"4464_8",0.9863238656596759
"11100_9",0.9771261101818326
"3636_10",0.8776864061956534
"12328_1",0.04412085169038767
"6783_4",0.07493722395465895
"11381_10",0.9889541162408146
"4509_3",0.03522844563036504
"4775_7",0.9471972937092307
"10633_8",0.9855978975077528
"9161_1",0.036165943735040035
"2277_8",0.9912247398773193
"7402_10",0.8461217610290612
"2713_1",0.04340577575970488
"1312_1",0.03425688062471103
"3633_1",0.05181791996705609
"8943_10",0.9876682803037007
"11734_3",0.9018370056050766
"12120_7",0.8443056034799106
"6285_1",0.16466231474162707
"9296_1",0.02491505055874111
"8696_9",0.9495937356371854
"7243_10",0.9687426831736978
"10135_8",0.9860030878849495
"6094_10",0.9901431242186552
"6962_4",0.04251586256139003
"3916_1",0.03812265666013854
"3650_10",0.9476830359013628
"58_8",0.9916386017125449
"10858_1",0.03558800918989864
"11894_8",0.9605418664841937
"759_1",0.040880565811624574
"10311_1",0.9044848407344327
"1127_10",0.9264073588116478
"6723_7",0.9880407757760036
"4966_7",0.9902124888091514
"7196_4",0.04290927843010026
"6244_1",0.03777205214626465
"9510_10",0.9883308470638453
"3471_10",0.9818761030526011
"9840_2",0.9651847960433004
"11886_9",0.9859410556840048
"7880_10",0.9542147494010119
"6358_10",0.9754115793268183
"6280_2",0.2335238516368518
"2580_3",0.04376656555446864
"122_4",0.039351453051033165
"5713_2",0.05374667868020708
"7187_7",0.8984775601887737
"8601_8",0.9745752409937849
"52_10",0.9857284834194575
"2447_7",0.8966915814000285
"4828_4",0.035318446784771446
"5371_1",0.06352968275034127
"5066_1",0.03522863821398766
"12184_2",0.062431522929642484
"85_2",0.08311757943260906
"10067_7",0.9769178727947002
"3999_9",0.9826122570311696
"11623_10",0.9862736826434967
"10826_4",0.036357636355075634
"3780_1",0.03615057834165606
"10195_1",0.034966881864878924
"7875_4",0.0431813271266786
"8510_4",0.7665028120468059
"9916_2",0.03549843566726984
"10023_4",0.14214023517721588
"6870_8",0.9603303409892778
"4753_9",0.9902354860198981
"11120_7",0.054699076419142595
"2516_10",0.18148808680450706
"1719_10",0.9845600445022107
"4426_4",0.08412320825853499
"7835_7",0.19206869074012767
"5148_7",0.917919977283175
"2997_7",0.9235715415781093
"2211_7",0.9053750664440403
"626_4",0.9337841050512193
"779_1",0.05203364344141511
"9712_10",0.8938753299343033
"1504_9",0.973901402898415
"8903_3",0.10940257923025382
"359_7",0.9656205310269644
"7465_7",0.9754527578685848
"10966_2",0.03951988364511278
"8227_2",0.15365285864638342
"10746_2",0.036674310143163844
"10356_1",0.0871890949895538
"12286_1",0.037665376271533324
"11128_7",0.9856904397399859
"12489_3",0.08239251776018218
"1264_1",0.03741145635773758
"3871_10",0.9884256451178965
"9248_10",0.8338222162715124
"3094_4",0.8342035202978408
"7472_9",0.8596329298018085
"3537_2",0.042180153195703056
"9727_2",0.03639662045114366
"5453_8",0.7830949614805015
"2283_10",0.9903634047368661
"7533_2",0.03678532034917428
"6468_1",0.038005703388419
"12274_9",0.9738819220283856
"10713_3",0.034974519426930833
"8518_7",0.9849479444185956
"1838_10",0.9839441331261167
"5304_1",0.12836357390940656
"4227_1",0.8703971906636172
"5342_9",0.97501245255917
"1754_8",0.9754400430228927
"4800_1",0.04252274096510366
"10717_3",0.09589416427831057
"1919_1",0.04127433871900071
"6851_7",0.8801686057685081
"322_8",0.1501174950802163
"3028_4",0.03884763604460337
"7463_2",0.044162518133181346
"7999_1",0.04094785652095013
"3036_1",0.03738924477568821
"11154_7",0.9757172997826243
"10501_1",0.03609510848016069
"12272_8",0.983198583856817
"1738_8",0.9863420662835528
"3242_1",0.03449378641984823
"6178_4",0.0946508229500272
"3405_4",0.04394548681241279
"4663_7",0.9771183340753278
"11348_1",0.037184763643462904
"7304_1",0.03856787965044386
"2962_1",0.04023963885748286
"11701_8",0.8861183123673081
"9354_9",0.9859820348997227
"9846_7",0.8038445237824919
"12496_10",0.9274395470570644
"5652_1",0.047600096305132664
"7371_9",0.15227504515151993
"10131_3",0.05981922701963304
"9826_4",0.04042888179794101
"6141_10",0.9893172510769128
"7472_3",0.10729424157663708
"2622_8",0.816090485548085
"10281_9",0.9913541757902053
"8668_2",0.03630539717731919
"2348_9",0.9700292548697734
"12047_2",0.03535457601700288
"11373_10",0.827977499083427
"4254_1",0.03647049482671551
"524_1",0.08944855271681391
"5808_1",0.035710316906940424
"515_1",0.03613749697921019
"6414_9",0.14159719899044104
"8938_8",0.9762922128511465
"12391_8",0.9844265880113294
"776_8",0.9777087285832456
"12197_7",0.9783614576589486
"4582_1",0.8694903213508723
"3638_10",0.9890358261346114
"6338_3",0.11516794711133871
"1165_2",0.11364151699497957
"5574_1",0.03756257662645489
"7319_2",0.03958633282193565
"595_10",0.9905322745179617
"6694_1",0.04190633096777511
"12209_3",0.08975701496922277
"3268_10",0.1709034486055518
"12492_4",0.0686969323357856
"4738_10",0.9715532919383636
"947_3",0.09367359962588193
"7726_10",0.9859179904802301
"94_10",0.9288560066124606
"11760_1",0.9173230602734513
"10978_10",0.9883781944563081
"10072_1",0.0375921210078712
"2346_10",0.9902274933148585
"5008_9",0.9897192781674787
"5135_2",0.037801540461570325
"7979_3",0.9832695182194064
"10863_10",0.8724415233771673
"2862_9",0.870379730675473
"7562_9",0.9883088260050283
"8023_4",0.1003107048695338
"341_9",0.982017254542005
"6321_4",0.08984888596515389
"9936_1",0.036766454625013704
"9581_10",0.9904310353277275
"3750_2",0.04618630834711748
"8298_2",0.07907013534774049
"5900_10",0.9934905217345525
"6308_1",0.03798843037793257
"1609_10",0.9879176831103558
"11054_1",0.03626551085303131
"7031_3",0.03514739141985435
"9507_9",0.9859664100852331
"3121_1",0.040546752148915385
"7521_1",0.03861367656996785
"4830_1",0.0639062330190516
"6686_2",0.040404190892720675
"1618_10",0.04322734740511095
"2190_10",0.987312928585143
"6943_8",0.9730327178908541
"1385_7",0.9857486187098382
"544_8",0.9486599269072629
"3225_10",0.8813252831502177
"1044_3",0.040615340289376564
"11691_7",0.8808447097570657
"6124_3",0.04942669510771934
"7326_1",0.036346988050336516
"1471_10",0.9191082091526119
"5010_1",0.0461014411886919
"2695_9",0.9767457951652965
"1222_2",0.040612905566168256
"1012_8",0.06148550531798574
"5459_1",0.11409685762640615
"4734_1",0.026480682220952928
"3138_8",0.9833160094193163
"5674_7",0.9152462908843189
"6815_1",0.033044089407469855
"8285_10",0.989418402119692
"5504_10",0.9290295475389416
"6800_4",0.038261007562553795
"5292_10",0.9845130904521573
"5121_1",0.037942561072052794
"9861_1",0.057158267131828616
"2645_10",0.9891861746527382
"9422_7",0.22692628579299615
"5144_1",0.03421353853595344
"3877_9",0.9230667699051014
"7822_8",0.9948247572536992
"3324_2",0.04939722907329336
"5559_3",0.048340253781455574
"9969_3",0.06692667728252835
"2296_2",0.0527443478857829
"10021_9",0.9794528286309457
"11111_1",0.029181886497203435
"1371_1",0.042334495050061
"4321_9",0.14490944042167941
"9706_7",0.17926684400355178
"11782_1",0.03488273568403569
"141_1",0.1483209168660915
"3106_7",0.9790381953448647
"1817_10",0.9744532812677243
"4508_10",0.9160839984022846
"10922_3",0.05363480317477261
"2304_7",0.1477254934323036
"2229_4",0.041284635441181244
"4283_9",0.13913102410571143
"9087_2",0.14694590940035224
"6003_9",0.9842160372946521
"12126_8",0.9914064119118264
"6067_10",0.9868051670210036
"8714_9",0.9734993686254172
"11932_1",0.07704233504391599
"2293_8",0.9857919535357622
"6184_8",0.9373724361037492
"8448_2",0.04197211524481739
"8269_3",0.03805305876283166
"7495_7",0.755981612124211
"8282_10",0.989851462678858
"2351_7",0.9488652170641546
"11688_7",0.9808885082336503
"3805_8",0.9412166632389682
"5158_1",0.03466716309527359
"12476_8",0.9656064336539358
"8265_1",0.03923985570631917
"2194_10",0.9849308854373517
"3465_3",0.03886518525808168
"5234_10",0.9903227052873453
"6903_10",0.9811864177592631
"8085_1",0.04339708512238161
"869_7",0.9597659562734508
"12034_1",0.03803581981369712
"6297_10",0.8724893431797867
"3194_1",0.03577119251773672
"8725_1",0.15052898589826735
"9563_10",0.966327574030863
"11075_1",0.03446308484829367
"5734_10",0.9846214434500146
"5357_2",0.037810765998112665
"6453_10",0.9782590867987364
"3263_3",0.07402937616499747
"12360_7",0.9443438122634162
"6477_1",0.043782906553706445
"11863_8",0.895293937747764
"8459_3",0.042510288608436385
"10594_10",0.9582232186350983
"2237_1",0.03938826548734223
"7511_7",0.9247976080193967
"3626_3",0.049468463644328615
"6288_2",0.03443701178578131
"125_7",0.9118262437546165
"3318_7",0.9144020714609111
"5525_7",0.23499565547371024
"9695_1",0.03492688890194779
"5917_8",0.9603207938318652
"8486_7",0.8489876332182994
"6032_3",0.0398243867941437
"7759_9",0.9741046182601112
"3456_10",0.980996584871515
"1692_3",0.17898693533065788
"2107_3",0.03471362986362571
"11215_2",0.036463282934522244
"1309_7",0.9593275319423469
"6650_8",0.9783000527815253
"5722_9",0.9889258293489953
"4479_4",0.10574165444492274
"347_7",0.9683353834989235
"9399_10",0.9919765498732229
"2475_1",0.051161543656663734
"8229_3",0.043170765636476593
"4869_2",0.03789145337570413
"9691_1",0.06286759799035985
"1227_3",0.038894761993217515
"360_3",0.07394640569931359
"10047_1",0.0355710803880997
"1607_3",0.05365278760827711
"797_1",0.03501254326406322
"9489_2",0.898717292494709
"1742_7",0.9268894170221186
"10531_3",0.06437478003325633
"4947_1",0.05747646065125191
"10873_8",0.8299270925740505
"1429_7",0.28339510186614003
"10962_3",0.0350441169716039
"3305_4",0.25407187724862873
"12160_8",0.8911638022179375
"9236_1",0.03473139187656269
"3718_1",0.034491156508351474
"3434_8",0.9783220101193166
"10933_8",0.9567825367058188
"798_10",0.9837511806346204
"9879_9",0.8444028013636008
"6644_10",0.7699848161889921
"10978_1",0.036023400727934356
"7867_2",0.039847980569492784
"4369_2",0.03525178915935572
"1251_4",0.09647439607263161
"1500_2",0.041626223851024845
"7574_10",0.9882222966444232
"5470_1",0.03649260252906399
"2407_10",0.9359300695044437
"3451_3",0.19818682308084531
"9385_1",0.06423643553014335
"4078_8",0.9506985669522463
"3229_1",0.036466165330482116
"1786_8",0.9382343351458365
"5173_2",0.11402106986897159
"1211_8",0.9055742410869836
"4303_1",0.03611127333704191
"6011_3",0.05565091926711611
"4513_4",0.9023145954967549
"11745_9",0.9887607685540727
"9675_9",0.9861645594930719
"11981_3",0.040948487206628456
"5977_10",0.8983449703169755
"5023_4",0.0606623323601877
"8704_9",0.26319242210885874
"8644_10",0.9078559430044904
"10557_3",0.03951638970254498
"6549_7",0.9884004979346631
"5557_3",0.041312814160178554
"6402_2",0.057084501611781975
"2642_4",0.0483347749206681
"11796_10",0.17022680199583265
"7102_1",0.036740925229430434
"7968_8",0.9826508169150651
"11764_7",0.07091035271248153
"9415_9",0.9640895158018427
"4817_8",0.9436837174101211
"1007_4",0.040600066963776896
"10943_9",0.8512482543480113
"7280_10",0.9897139112005668
"6068_2",0.058614466802125426
"845_10",0.918240192363948
"8377_3",0.03424968585694287
"8445_9",0.9887216636400187
"563_4",0.9567626493156851
"8761_9",0.7900564292220709
"1552_1",0.03483810863743628
"9630_1",0.03462492311033383
"6444_7",0.9523512503831892
"3188_1",0.037084638871534396
"2142_4",0.037981394255050475
"2045_10",0.9655378317275332
"2477_10",0.9787029204116113
"2597_1",0.038339907093930134
"3137_8",0.9745109372883173
"1345_1",0.22562074845270788
"8498_7",0.9523810661606289
"6550_4",0.0662397294629225
"9583_9",0.9759148268399649
"7506_7",0.8878334340648899
"9316_7",0.23568492403282082
"11473_10",0.973619401364209
"3003_10",0.9346276409193457
"8532_7",0.16706449914628585
"5654_1",0.22568916279906737
"822_10",0.051938924244326244
"1312_10",0.9891349756942558
"9665_4",0.20186469341009564
"4442_10",0.9815756826426156
"11758_7",0.9835581832643421
"11185_1",0.8338004254770406
"11588_3",0.04169134368320914
"3366_10",0.9607715098735408
"7050_8",0.7996657211400922
"4778_4",0.03412880986615628
"1_3",0.040237374608236544
"2838_2",0.03967990357897472
"6910_8",0.9490438518528509
"3257_8",0.990270437841576
"9111_7",0.9843462418756059
"6458_7",0.9195537911620463
"5622_8",0.7843300877961624
"12469_7",0.9833898578172467
"9670_10",0.9874774163854423
"8092_4",0.03887328733308851
"1683_9",0.17760914695441965
"6181_4",0.09171806558525157
"8965_8",0.7315062947431327
"5186_1",0.034219173815271335
"1250_2",0.03809409221577414
"4705_10",0.9395192691634445
"10261_8",0.9612645944274031
"350_4",0.9161858775132579
"12302_3",0.0377643727965188
"776_1",0.9341107275693931
"7424_10",0.990957331459827
"10383_8",0.9822987893816025
"360_9",0.9732131376783224
"5798_10",0.9131993857270797
"10720_4",0.1129927732650104
"6009_8",0.988907718206963
"2319_8",0.9748231126648245
"7053_10",0.9082760182730432
"11210_8",0.9633685960110925
"1985_10",0.7345655025178363
"6056_1",0.1004882701306143
"10315_1",0.17926809731307441
"9_4",0.9261990578239518
"6530_4",0.10602295293870678
"1367_10",0.9001760633250051
"4564_2",0.037651043660201694
"4343_10",0.07208077052506293
"654_3",0.10744709255824746
"4857_1",0.03750497843371009
"1377_10",0.9690368245964956
"8072_10",0.9851222806566986
"11433_7",0.9857858240130319
"6586_1",0.06948364011658748
"10255_1",0.9721450899805884
"350_10",0.8616979968675105
"6853_8",0.9534365540019532
"3693_10",0.9848132140503468
"2589_10",0.9226754541113257
"895_1",0.036443522970227245
"6854_7",0.9648002802019298
"1274_2",0.09804337547413099
"9179_8",0.9601033031897104
"10141_8",0.8048294157479583
"10727_9",0.9907504131608955
"1158_7",0.980305984227489
"9949_3",0.05576983630112838
"7798_10",0.9753506297177965
"5964_7",0.9596858781063511
"11221_10",0.9861950303835487
"3053_3",0.057312840659580956
"8817_9",0.9866229380607766
"5850_2",0.0382910370101406
"9635_3",0.045921846977978964
"5000_10",0.9897231356311603
"10040_2",0.06899800202478583
"3065_1",0.06863497190224353
"2196_1",0.8439602690456524
"12428_7",0.9029791046424683
"8454_1",0.11994646306804299
"11456_10",0.9867155528522955
"5918_4",0.05065093894387239
"10687_7",0.9831632074151617
"10507_7",0.7720839690327117
"9051_8",0.969023335539541
"6315_4",0.05310851965866555
"11266_10",0.9333046046745551
"5890_3",0.3000116238517633
"6257_8",0.2762900279233815
"2923_8",0.9910057892595575
"2952_1",0.03751785632311726
"7269_8",0.9730592478848018
"1116_1",0.03877850960562364
"11084_1",0.03778052674550821
"10287_1",0.040359553028159835
"5704_9",0.9849886419113173
"11218_8",0.970558723857752
"12275_2",0.13427619939955762
"1414_4",0.10626261837525593
"7998_4",0.07686044628999306
"3286_1",0.037972097734844716
"2515_1",0.8000475175420092
"851_1",0.07344616139995769
"5181_10",0.9760081283386791
"5358_9",0.9908867919306151
"2677_10",0.9855012404352842
"34_8",0.9794889282039424
"9232_8",0.9838090124661423
"5835_10",0.9448687209188814
"10796_4",0.057849460115281366
"5553_8",0.9857667632398004
"666_4",0.16666269851543491
"9450_1",0.03438607920942413
"10820_8",0.9848763274143375
"7994_10",0.9880265448400578
"8948_9",0.9722628376271916
"3301_2",0.05984859333179351
"2801_1",0.0371245082052439
"4934_2",0.03576755411149124
"1539_10",0.9810116022143136
"10949_4",0.04815213502105254
"4394_10",0.9876210792348004
"4098_8",0.08453497751376876
"1617_7",0.03703568613112784
"9569_3",0.06301624931548465
"8593_1",0.040373630751907134
"3449_1",0.08818794431668095
"8372_1",0.03758215772461322
"815_7",0.9723257476567658
"348_7",0.7207028248383166
"7220_1",0.06751321951490212
"2633_1",0.04163310560521629
"1752_3",0.8486579523043395
"3347_2",0.05859489568880627
"4967_7",0.9717246970729178
"10910_8",0.9887391356127067
"3147_1",0.08662221119330142
"7791_4",0.0406365641175442
"1588_7",0.9886815687359984
"8405_2",0.07682354940035593
"3826_10",0.9413536723940874
"3178_2",0.044291798709076395
"4420_4",0.8640827745062936
"246_2",0.040669551990372366
"8462_7",0.9900893334296383
"8264_3",0.04922184974238973
"2695_3",0.07663565738851282
"7258_4",0.89142237169008
"5787_8",0.8901076980815892
"11668_2",0.06681429025318521
"5529_4",0.9788977680126301
"8923_2",0.034296997508105116
"4784_1",0.049440006207923104
"7730_1",0.05457696982959244
"4455_4",0.04261781688984332
"6416_1",0.035149422189733825
"87_1",0.038794752323343805
"9548_8",0.9849572498003203
"1285_1",0.034268386207009296
"7695_10",0.9893938696612955
"4364_10",0.9312009122725475
"9394_8",0.8007164100151568
"1253_1",0.0968009582679345
"2481_1",0.0756011169798158
"6790_1",0.0907950105505021
"9989_10",0.9449930308473615
"1483_8",0.9694210926384269
"8772_1",0.03728483758929143
"2993_10",0.9840205306262743
"1801_1",0.0381581403885164
"9434_1",0.0362350173749162
"7938_10",0.963585089912813
"2262_1",0.03520444013888499
"5076_1",0.03431752744567747
"10994_2",0.035596489792742755
"4749_7",0.7773171595534131
"8309_8",0.33315680975581985
"7031_10",0.9902724203766124
"2711_3",0.05037473833443758
"8655_7",0.9709308313442615
"11329_4",0.9771462906963411
"9076_3",0.07248199085307869
"11647_10",0.846467659103114
"7934_1",0.041431372464192075
"9114_1",0.03815006859510657
"6510_7",0.044223229818906834
"11487_1",0.035611399243300215
"2348_3",0.11442593271356064
"12325_1",0.04215920968032683
"6405_10",0.8447847057815381
"357_7",0.9653066526018655
"12253_10",0.986296835504216
"4927_10",0.9875994636530365
"8636_1",0.036345552685291
"11184_10",0.9910962808742436
"9974_3",0.1307519301086959
"6516_1",0.20097636164690622
"2167_9",0.94852143371305
"10794_10",0.9896704760007771
"966_4",0.07500319132092571
"10040_10",0.9868218107569339
"5940_9",0.9079980220849679
"9181_8",0.9709483634047827
"2196_8",0.9896334721028136
"6361_4",0.05110210300891507
"4243_9",0.9736707822173192
"581_9",0.9887512017210343
"7195_1",0.045918522571292766
"2986_10",0.9654374964474716
"4344_1",0.036787371012133294
"7176_10",0.744365061918414
"7857_10",0.9448943965837691
"6487_1",0.03702940250886382
"3692_10",0.9855372811791577
"12198_10",0.9807513963212948
"10569_7",0.8894456340211879
"9850_2",0.09582107421301847
"6415_1",0.03531319112298033
"6373_10",0.961191003418447
"5103_1",0.1956398514132033
"11048_8",0.9888789654468462
"2055_1",0.03819803924914606
"2920_1",0.046952644017643395
"8667_3",0.12402104421316686
"7059_3",0.041768654245382196
"3887_2",0.04200250262453425
"12356_10",0.07839679746299791
"5402_2",0.8107396643941105
"10274_8",0.9376876855075752
"11831_4",0.05016423976392855
"5375_7",0.8939257388643354
"7875_7",0.07299795497174669
"2733_8",0.7245529235728697
"6420_8",0.9669201493826213
"2240_10",0.9079558812451544
"10627_9",0.9801162732632364
"7319_8",0.9456688750439756
"7782_1",0.03427812259965718
"857_1",0.03654048201923199
"351_4",0.16177668176063742
"9260_10",0.9396068786098071
"6891_10",0.9684171292911383
"8205_10",0.06156849914918739
"1179_3",0.03647272062676949
"9061_4",0.03942656253032612
"3571_9",0.9877220397573214
"11352_9",0.9905279568600215
"11770_10",0.9742736869297666
"10714_2",0.06565626290609963
"5397_3",0.05342311613189728
"2360_1",0.058223743035511887
"9459_4",0.9319803578306589
"7493_1",0.046294977857055865
"6799_10",0.9899511703992511
"2313_8",0.824645347785665
"7602_10",0.987999579312917
"1731_10",0.9697809739137306
"8502_10",0.9754294055818834
"5632_1",0.034825574927202486
"3723_10",0.9827774333408494
"6473_3",0.21255899608532416
"3596_3",0.03623291814067841
"8583_7",0.9617014610653875
"10902_1",0.04146361232470778
"1032_1",0.13588852731531698
"2931_1",0.03519889538497133
"9930_3",0.04091155163174774
"11825_10",0.9900155217609832
"5384_10",0.17859464593281169
"2492_4",0.1448743985596576
"5008_4",0.04155646135054512
"7334_4",0.061285099695788534
"10082_8",0.9547391326236023
"1395_1",0.04073570576783543
"8140_7",0.7924768437685962
"2400_8",0.9922176048743359
"11462_2",0.03538213556544246
"6632_10",0.9696906276734183
"11499_3",0.8267282142770466
"5576_1",0.03979132605002142
"1172_7",0.9839936493463212
"3053_8",0.9730383765789609
"4119_1",0.037987560099331956
"8165_2",0.05104301384417938
"8333_8",0.958815192026991
"2242_1",0.036536619465353685
"6132_1",0.04012063370044282
"12270_9",0.9691035329145709
"11456_4",0.8468102821610425
"6898_1",0.058715412400453984
"2512_2",0.03787754584269626
"7045_7",0.863513754815458
"2808_4",0.0342869467329733
"6257_4",0.03193862291477657
"1971_7",0.21240996939500079
"10565_10",0.988360975971425
"930_10",0.9912946247042057
"196_9",0.9860850794013106
"6535_1",0.04160559611216708
"5257_1",0.03679930347885781
"6759_4",0.0534464853712471
"5016_2",0.038042394252717396
"10959_1",0.03554706190444072
"4450_10",0.9889764943811853
"6678_10",0.9781255382422134
"11286_8",0.8696168693979235
"7200_8",0.9900429607371015
"6660_7",0.8897739257568298
"12481_10",0.9893989182856331
"10278_4",0.046752158229028035
"6233_8",0.9195713655523083
"579_1",0.03561236082760228
"8519_3",0.04214674197129048
"1220_10",0.9129723032470108
"2342_10",0.9905790982806291
"1860_1",0.0353971859890152
"7273_3",0.08001987059300297
"4653_2",0.039071477016380654
"6878_4",0.07175828366530305
"502_7",0.8491133738710002
"2406_2",0.04939124854425942
"2021_1",0.03551518691582184
"874_8",0.9780224700701744
"4949_2",0.6401990102990237
"5054_3",0.05408043796027623
"689_7",0.9806618117291593
"9643_7",0.9856292789617705
"6445_3",0.06290279982316208
"2377_9",0.9771763293164635
"6107_8",0.792386788378785
"10368_8",0.9886879397643493
"10444_1",0.03401691219575672
"5498_1",0.040568057323970785
"1018_7",0.9481129725324634
"2718_9",0.05832271691697585
"2418_2",0.8891446629967473
"7412_7",0.05980754644658873
"213_10",0.9725056252855176
"9417_2",0.03562288386451042
"1194_2",0.041402643621305295
"9366_8",0.9863424685872529
"4769_1",0.03442224325088937
"6667_9",0.9837922360247379
"9361_2",0.05084910887003777
"2182_8",0.9771544008328956
"10677_4",0.14787137672394873
"3931_10",0.9439277896758775
"120_9",0.9530452207286965
"10837_10",0.9812260143416663
"10830_1",0.034653734633276735
"3679_2",0.09208507202774717
"9094_9",0.9446283007869656
"7880_2",0.07957215005667362
"4969_9",0.9851622278802825
"3418_3",0.03972613570410697
"5490_4",0.11520576551544541
"264_10",0.9904104957510257
"1602_10",0.9561545843845074
"5019_9",0.8878598121824919
"12000_9",0.9851315472230754
"10794_4",0.04789190765248392
"2504_3",0.9875233238930106
"12340_4",0.11627456583705703
"7732_2",0.04874558938305738
"2028_1",0.03160778928732035
"3986_4",0.09609843495059607
"5100_10",0.965319284562319
"2135_1",0.0352584268359476
"10227_7",0.21251392237177574
"4413_1",0.846156459941813
"5205_2",0.03480619936351086
"45_9",0.9825927513445579
"12151_10",0.9687764847422615
"11055_1",0.03580381087366932
"2632_9",0.9873366907238003
"7047_3",0.03409464471625421
"1915_1",0.03642918949318949
"9666_10",0.9833696856271663
"10027_1",0.044114780646270946
"11024_2",0.03759336607969191
"6482_7",0.9661536358439511
"8060_3",0.03755794938793999
"9876_8",0.7234820029805217
"3839_1",0.03997743298423003
"3682_9",0.9668577923677948
"5962_3",0.03505654739949303
"222_3",0.03763585455188256
"10460_10",0.9865285249265012
"8543_1",0.05319628840406234
"9443_1",0.040383422248814145
"10201_1",0.984193792996996
"5046_9",0.9922232422481922
"5899_1",0.045494123637694436
"10140_1",0.03991957278387256
"5009_1",0.054268623090392924
"4626_8",0.9517823833607104
"9033_10",0.9901108527966207
"3243_9",0.9811458066512107
"6379_1",0.06299301456869633
"4949_8",0.9911880801310701
"6119_10",0.9853461034678122
"10336_7",0.9791862454593935
"7344_1",0.036105802486317964
"3294_7",0.9758285033364497
"4385_2",0.1206162883752819
"2172_9",0.9795270462959078
"8295_3",0.035674173879227354
"1031_10",0.9705275530104657
"7577_10",0.9880203230101366
"6778_4",0.15982386075115124
"3154_2",0.7545240290388374
"9585_7",0.9622026335328104
"3445_2",0.07714893659059244
"7416_3",0.0669265800254819
"9780_10",0.9869439079425997
"480_10",0.9569178148255866
"837_4",0.05052639077644461
"10166_8",0.9715019230927285
"3695_7",0.06661808121969591
"12417_9",0.04511795191260681
"3932_3",0.04013519644638023
"11790_3",0.03739761175161105
"6917_9",0.9870267559605026
"1975_4",0.1248508226088981
"11249_10",0.9436823348469324
"7366_7",0.9833987504753132
"4579_8",0.9865876922959798
"8415_10",0.9853877203623335
"2004_1",0.8027365057564779
"7599_3",0.03754159800284431
"12259_8",0.9652856460698317
"11005_7",0.9630177730133276
"11914_7",0.05483542134264581
"8498_1",0.04137248160129593
"944_2",0.03788149028897174
"7183_10",0.9861685914285541
"4422_10",0.9857475893750907
"6791_10",0.9300221163585308
"9286_1",0.11887503353105944
"3325_10",0.9888462483290447
"5599_2",0.035616492857359974
"3064_1",0.04145447544722126
"209_4",0.03461603355866236
"1904_10",0.05452472766251314
"10699_3",0.8392144651439913
"577_3",0.06019649174413495
"3157_1",0.04701237687992437
"1582_2",0.10490221154815393
"8044_2",0.07319101735374839
"11208_1",0.049325946554947146
"4708_3",0.14605551688267254
"10439_8",0.9506661586592756
"11083_7",0.924788065150544
"8066_3",0.04166814412562081
"11327_8",0.9796531937552386
"9224_1",0.07782185396086756
"2165_8",0.9747208993304439
"9892_10",0.9894436897901226
"4402_1",0.035606891500524214
"11804_10",0.9786642736797424
"1296_8",0.9598888868405349
"10562_1",0.06921525871373185
"5003_10",0.2128556396535208
"10448_1",0.028828074539452485
"3274_7",0.959340275176264
"6344_4",0.06336774907041708
"8129_4",0.04859881840650131
"9525_2",0.03432078463375466
"661_1",0.035663802412754915
"9398_3",0.05050282527402591
"3639_7",0.9861398325699381
"5527_7",0.9429543633303883
"7790_3",0.8158825190497652
"9550_1",0.09749385126009756
"2042_3",0.04470813890649464
"366_1",0.04503351205075605
"8446_3",0.09504922426701466
"7859_1",0.1118180988161918
"5587_3",0.04161301919348321
"10604_3",0.034854447865182915
"5245_1",0.036787847182039445
"804_8",0.9035588049459194
"9098_3",0.07026153123969194
"6240_10",0.9887665099939505
"3960_10",0.8871291524838973
"10536_8",0.9873011871561136
"8793_1",0.03676393585653665
"1586_1",0.035053134981111546
"7131_9",0.9568692807630581
"11338_9",0.16002094701268516
"1053_4",0.03786194015036468
"11170_4",0.04000743677001039
"6806_1",0.9025898675629499
"3741_4",0.11410087129814867
"1231_7",0.9073999585071033
"5499_8",0.9323195645203305
"12452_3",0.1852567968162212
"5331_9",0.9802393923664228
"3302_7",0.9176154434591419
"6214_8",0.9845800017122797
"6908_1",0.06754491734968482
"8510_8",0.854693810329425
"10522_10",0.9895928530873017
"2844_2",0.06097545599730632
"11797_3",0.04134569523809484
"11237_10",0.8915579655128052
"6762_3",0.037889847929426734
"897_1",0.03607603211872654
"10312_9",0.9781998574005242
"10272_1",0.03636957161049577
"10814_9",0.9652020931060195
"4504_1",0.03747542401417108
"9389_9",0.07293523445385566
"9035_1",0.03919951441267528
"11306_1",0.08716291760087379
"6309_4",0.22327975107680764
"5179_10",0.9510913201038531
"6099_4",0.07768275555458323
"887_8",0.9532936726952771
"10220_10",0.9826838998983893
"286_10",0.9746615396564474
"5809_10",0.9558078245642798
"7725_3",0.036916507702248934
"9722_7",0.9627409798643082
"9104_7",0.05869274059579524
"7313_7",0.9289028848453809
"1706_1",0.03752941426904006
"11737_4",0.16057215133462682
"11203_10",0.975112855150826
"7767_4",0.03741089330741059
"1822_1",0.0354626373467142
"5113_8",0.959910246329128
"5456_9",0.9516759501770358
"6005_1",0.040566503132770076
"2026_2",0.03536421632664772
"1379_1",0.08435082553979634
"3048_10",0.9883757200392335
"5070_10",0.9502391041321303
"8985_1",0.0350535885287957
"1643_1",0.08128541476385277
"400_1",0.035756166414978766
"7546_10",0.962609348942119
"3438_4",0.04039048870858104
"12136_8",0.7991383850427084
"6850_2",0.04898415933906859
"9054_8",0.9793423417983084
"1555_10",0.9930069738423358
"7103_1",0.04376721501517607
"6218_1",0.04134179276366239
"1619_3",0.038469096227865256
"5187_8",0.7985348771488363
"8575_2",0.0401679355930845
"1593_10",0.9178474952590365
"3910_1",0.03895005847758393
"5743_10",0.9021474424500096
"3061_8",0.8888807607583353
"9633_8",0.97959903760497
"2488_9",0.954152817385072
"11711_4",0.04696232573917396
"11282_10",0.9260422107284494
"8919_10",0.9836101616365295
"6139_10",0.9902359599959446
"8032_1",0.03992204821553824
"4287_4",0.047233043854334834
"11044_1",0.05746505331715323
"11123_8",0.9673271860351402
"1828_9",0.9847645816517019
"4232_3",0.04032336014550826
"7258_9",0.9869507214899204
"1078_4",0.04022637464086595
"9967_10",0.9684700896892747
"4975_3",0.11874454442609818
"9974_8",0.905959357340271
"424_2",0.03254153596742824
"7181_9",0.9546777786044685
"10703_3",0.1923304794137695
"3157_10",0.9864148628570638
"11096_10",0.8838547656754641
"2185_10",0.9898293485230121
"2779_4",0.13310425359399147
"9342_1",0.037467942315541236
"3615_8",0.9807742713710952
"6777_10",0.936088566343595
"5440_8",0.9462329653917767
"706_1",0.9029011121581105
"5909_8",0.9797770451954049
"9578_3",0.044490792057549494
"3393_4",0.11767829340857947
"428_3",0.06676581860106989
"651_9",0.9852774075770251
"12433_8",0.9733855552705495
"8643_4",0.03880153687441446
"5826_10",0.9884595966999349
"4060_1",0.04298411531106588
"3310_8",0.7937994106881844
"8941_3",0.7014765342836893
"11493_7",0.9827289323099538
"7896_8",0.9331777779843407
"541_7",0.9227650165464515
"10614_1",0.10319646091046879
"3751_1",0.03674716218996145
"7851_8",0.841245322743686
"5940_1",0.059247022909941
"911_1",0.035953252028213506
"1233_1",0.06142002481731225
"4995_1",0.06342952389066114
"2771_9",0.96242093825128
"5085_8",0.9230046666038074
"6521_8",0.9800940956769426
"8106_3",0.041221808255650305
"2962_7",0.14176090543424635
"1621_9",0.930182695587325
"4981_8",0.8606675166748341
"11884_2",0.04239195949290481
"6038_10",0.9904182360638834
"7118_10",0.9309228424665917
"10365_1",0.0352387660370188
"677_9",0.97219176592167
"95_10",0.9744238411913972
"8211_3",0.2206463291500386
"11906_8",0.956109734890827
"3038_2",0.03886096814270065
"10503_1",0.034513247135931985
"11260_4",0.03823960021365473
"11333_3",0.036793037040993376
"6954_10",0.9858112327440813
"143_8",0.2548083772814973
"6458_3",0.05233255812207854
"8784_2",0.043628956463921474
"2604_1",0.03837419274452797
"4374_9",0.9897074481624063
"1323_3",0.6269375428472751
"2647_2",0.04029586917042227
"363_3",0.14788648287558892
"7556_1",0.1889503617912719
"11101_4",0.8146670238646888
"8945_7",0.9192904809954077
"10630_4",0.03850902493507703
"11174_8",0.9196048528683188
"7927_3",0.039918623111078334
"8433_1",0.03753056375021938
"8814_1",0.034855189707421734
"11746_8",0.9856324484629931
"2462_10",0.9188051363812582
"10036_1",0.0344291711611621
"10628_1",0.043897901510305544
"4782_1",0.037184207847263735
"11244_8",0.8106517925088411
"4815_1",0.04774702902776269
"6974_7",0.8340013193444025
"10180_1",0.036107555949747676
"3538_1",0.03587766436668659
"9319_9",0.9683884829354751
"3542_2",0.03937454149478848
"5583_1",0.03504594649685883
"215_8",0.9414765417317541
"6949_1",0.03427168237063985
"11401_10",0.9882536480696947
"3468_4",0.10621284202674425
"9478_7",0.9536163782060573
"12368_2",0.035434836850718875
"7534_4",0.0422693447279319
"9256_2",0.03758055955575311
"2192_10",0.9111194306484228
"10617_3",0.03797120891115363
"1464_1",0.03629320261858536
"969_4",0.04094687211976785
"702_7",0.9815543344057425
"470_10",0.9824649524446663
"2575_1",0.0395258256970438
"3059_2",0.049015717779596964
"7229_3",0.039900171754281406
"7437_3",0.03940103162303905
"2560_7",0.9304861882434019
"8444_4",0.04107319231694219
"1900_4",0.9713728092979723
"9057_4",0.9774521812924905
"10101_4",0.04078696925873172
"4914_2",0.03635467043684918
"11896_4",0.30095677660234177
"10430_1",0.053018258988181195
"786_3",0.03933665237230251
"9834_1",0.08060167201217161
"2040_1",0.03516539631187967
"1435_3",0.038147297722282245
"168_8",0.9544604532410237
"6504_9",0.9856724926691286
"3677_1",0.03705866843326203
"3652_10",0.9897462257590639
"9821_10",0.9948933796345308
"8695_8",0.9611950646313394
"5728_10",0.9482182196641714
"2856_8",0.9781626772320321
"11548_3",0.04707199343714758
"9435_7",0.9625957638565035
"7910_2",0.03613757217277125
"4658_7",0.1419413541724686
"10111_1",0.03498109680580658
"12306_1",0.04360045868214692
"6380_9",0.8346087507574198
"3507_10",0.9768454789844757
"11085_7",0.9511751227293928
"4268_8",0.9165567010093296
"1702_2",0.04276588302444042
"3045_9",0.9872175743135914
"3338_2",0.19770482730923405
"9288_8",0.9832219716357155
"1580_8",0.8356474880904157
"11976_10",0.14079642731149747
"9216_1",0.03560188480520225
"2015_10",0.9884213492563851
"7665_2",0.15119738231721358
"10545_2",0.03957526944996817
"3819_4",0.039030239443423626
"8005_10",0.9866678663502975
"772_1",0.03702880925014235
"3882_3",0.037995616490863436
"9001_8",0.9901275304309262
"3000_1",0.0364340565331251
"3357_4",0.04483772006597658
"2559_4",0.05886485655462543
"2178_4",0.07495532715846118
"2249_9",0.9942206110279757
"9616_10",0.9889989380558217
"11797_9",0.9693339485489011
"9061_10",0.9772874102578231
"10994_10",0.9841236536884059
"1076_3",0.04117055759840251
"10774_2",0.05652663824016596
"10983_10",0.9821833403319107
"9271_10",0.9747494645392298
"3205_9",0.9496881681337641
"4987_4",0.12303213953183757
"10926_1",0.04672182604835005
"9150_8",0.9546715616902992
"614_2",0.06815988513157165
"12332_4",0.9288902698262602
"9100_2",0.04114518239992441
"10499_8",0.10145880221047436
"6143_9",0.9726708497357814
"4113_8",0.9873730690414879
"4705_4",0.03619671710774881
"3115_1",0.03594419359963238
"1041_2",0.03752004750261004
"11601_9",0.867939384180932
"11045_8",0.08660228583187636
"10615_8",0.1695252728351366
"7631_7",0.9476229407100569
"11829_3",0.05266999269080666
"6941_1",0.08341177411791259
"112_10",0.9885454691679387
"4220_8",0.04880528966313578
"2812_10",0.9263905385576168
"10221_2",0.04243250038004387
"1944_9",0.9874078604487704
"5866_8",0.8763081231844032
"11615_1",0.04173269376555003
"3066_10",0.9648375025437139
"5757_3",0.03827526255027653
"10569_1",0.025629940837403498
"10633_3",0.03647189875876716
"58_3",0.03596950745670814
"1126_10",0.9575486287795417
"4357_10",0.9795965093902983
"6768_4",0.7028183508939454
"11354_10",0.9855679821511487
"6412_10",0.9682967836811368
"7547_1",0.037388862765167334
"5198_10",0.9731449104071364
"5697_3",0.04070150227478048
"9757_3",0.04651696104157463
"8034_3",0.036072208357392284
"8612_8",0.16085703033277493
"8691_7",0.9780071938898511
"6731_3",0.050546365410619916
"12190_1",0.0669304552864011
"3180_1",0.0379273224306086
"11068_10",0.9888500008702301
"3752_4",0.0368889350108875
"1995_3",0.28456789260735293
"5517_10",0.9756782537333265
"6532_9",0.985844353870464
"4435_1",0.1836049894134655
"5527_4",0.06061790214261138
"5059_4",0.04727809712715535
"12044_4",0.11347987456198985
"3479_3",0.8849287581666547
"8399_8",0.9478544256497499
"8897_7",0.9897414956886085
"8342_9",0.7764551045178109
"7018_3",0.03951154623231523
"2497_7",0.9736199751439698
"10152_1",0.038924389944458064
"11583_4",0.07756368139674177
"3156_10",0.9430772481340206
"5259_4",0.16745908974187987
"2581_1",0.047288747827501254
"5224_7",0.19174879388212576
"9024_3",0.28862860667808243
"8026_10",0.952817159800804
"9588_3",0.03750417809112441
"11001_1",0.03752457725237891
"6432_9",0.9899451354437818
"8524_9",0.9907188763273975
"12457_3",0.06395264306429681
"8426_8",0.8736055779337598
"11355_10",0.9888550834346868
"10337_1",0.03851659926752302
"11911_3",0.043629005395274485
"2655_10",0.9884111855700521
"4265_3",0.7519412300049938
"6542_3",0.16012151798287924
"9681_1",0.03627077529847557
"287_8",0.9203014453110016
"1864_1",0.029668096299988584
"7655_4",0.3198792188414339
"3613_7",0.983986977082681
"11041_1",0.20434642841146622
"12070_8",0.9590067167060508
"10856_10",0.987568478994317
"7365_4",0.04086007127153636
"10025_8",0.9834561025643753
"4693_10",0.9859655853187442
"9580_7",0.8825831555519749
"4669_2",0.05746295922716707
"274_9",0.9893390412015108
"1570_2",0.06265781639064855
"11040_8",0.9729272274281731
"2243_7",0.9452815369479954
"7043_10",0.7744758750139046
"3719_2",0.03706749611251924
"7635_7",0.053340543117638764
"2327_2",0.03704150179539537
"4229_9",0.12769077900666712
"4121_3",0.050972505222889646
"6064_1",0.04460095713883988
"364_10",0.9400694530775758
"1161_10",0.9838844084602633
"463_1",0.03598386694448051
"9291_4",0.12747048110257284
"8827_1",0.03429007925447503
"2292_1",0.037360664179909915
"6935_9",0.9767300294804269
"9226_1",0.03409507639886947
"7612_4",0.12208861288101924
"8575_7",0.9506974874324075
"3475_1",0.06419962585172415
"1880_7",0.8891505287919552
"7265_7",0.9863224211126748
"8626_1",0.03449996881870901
"733_1",0.03474036524129975
"12100_10",0.9827983483688769
"1069_10",0.9868285555614248
"11364_10",0.983681384037159
"5496_1",0.03811563377236195
"7253_1",0.03745782783080429
"3159_1",0.07041013603020049
"9131_10",0.9911186300002085
"413_4",0.06389747459669183
"10818_1",0.03529488812868709
"479_3",0.8185086935509412
"173_7",0.8996036727621425
"9522_10",0.9883186391857608
"333_10",0.9774321106854278
"2819_1",0.03437820874892781
"5723_8",0.9030638529256434
"99_10",0.984888188584819
"7247_4",0.22855767679612743
"4711_9",0.9866622283684828
"8555_3",0.04379373430390617
"6330_10",0.98738168369678
"8921_1",0.03845056014959729
"803_10",0.8264294074083474
"6219_1",0.0383727145245286
"10077_3",0.03735520605092254
"1274_7",0.9773544324888133
"2307_3",0.03720845276167136
"8114_8",0.980281541333095
"1503_1",0.03844405964200732
"2004_10",0.8698037541414223
"712_3",0.9076192035140171
"557_4",0.05153831138424256
"9651_8",0.26053789887036977
"11701_4",0.04556361689223526
"6325_9",0.18486934820137324
"1684_1",0.03853282318085362
"1435_10",0.9849403114020419
"5754_10",0.8902894123448337
"12098_10",0.1426883784688956
"3707_10",0.9305081254429093
"2521_1",0.039467811131061376
"1793_1",0.03712647891921848
"2725_3",0.03934713236158474
"5051_8",0.987810222119769
"2691_7",0.969136041751462
"4111_10",0.9849993898134654
"3239_3",0.034731154674679826
"8124_8",0.8988661139217686
"4990_4",0.04132814812080614
"9565_9",0.9851129903269942
"6657_3",0.04242977057130009
"5882_4",0.04493909619492127
"8571_1",0.0367274785928037
"6815_10",0.9884143087469554
"487_10",0.9109118338558424
"11567_9",0.979777097934735
"10631_1",0.050158008184506456
"7070_2",0.040162955588256596
"8708_10",0.9746998273462157
"1889_4",0.09592936612612254
"1838_3",0.057096409663199926
"6383_3",0.05358611381964456
"4735_9",0.06933397948580763
"11430_7",0.9658766195284467
"11590_1",0.03457113909097983
"11023_3",0.06138840170069862
"10870_8",0.9854636221409008
"6734_10",0.9525244271432012
"10174_1",0.03679095035730874
"7905_10",0.9899228335325362
"9555_4",0.12542429696464608
"6303_9",0.9712984978175563
"1426_1",0.04397309731671488
"5482_8",0.9102812845006953
"7605_2",0.036368295125188764
"10249_1",0.03631861765749952
"2466_1",0.08581951571370924
"4055_1",0.05390256452547299
"9839_8",0.9179500337635845
"3953_9",0.9828373020332228
"6563_4",0.10842723505284464
"10776_4",0.041181827469243336
"7596_2",0.03762367708203903
"10490_9",0.989194110335289
"3800_1",0.04091729619053743
"10669_1",0.07011594149451349
"6276_8",0.9482064809252257
"3110_1",0.039279788516208225
"12434_1",0.03429950577100211
"10189_1",0.04006907978619826
"10639_4",0.04413951226769004
"7734_1",0.044702492711100945
"8763_4",0.13168497056794967
"2702_1",0.16644571434181976
"10179_1",0.0396927355065725
"2317_7",0.19159845582970164
"4677_8",0.9870464631444705
"11805_7",0.9469093244121906
"1339_2",0.8495005325914722
"9919_4",0.09529480913160895
"1425_8",0.8892859596801734
"3926_7",0.8649144342291386
"12395_10",0.9875335761825264
"6284_4",0.04209098339496811
"11069_1",0.03828550499113177
"4998_10",0.9874279743808388
"8055_2",0.0390272056314674
"9179_3",0.1505553285242606
"11577_10",0.8823709038493892
"1480_1",0.03799791672559767
"4561_10",0.9702790233708518
"4698_10",0.9912609743873889
"9312_1",0.03439353412011512
"6561_4",0.04497026308727775
"8353_10",0.994035650180276
"11580_3",0.04055916718438337
"10536_2",0.3071633289553826
"957_10",0.9878990148665858
"1768_8",0.9854370249716127
"12197_1",0.036687800159846795
"11459_10",0.9623946999963785
"2271_3",0.0695142611255151
"6973_1",0.06186263768875802
"4199_8",0.9871863352639902
"6582_8",0.3041464135213107
"5843_1",0.03420283804884476
"4140_9",0.3111439913082247
"11105_3",0.04110282513391718
"2395_3",0.11146017528277466
"10715_9",0.8853628864466673
"6611_7",0.9880306543136365
"2043_7",0.9610315464378499
"2884_9",0.9788125905686191
"4946_8",0.9700411839945953
"9642_7",0.9597905681270781
"5211_1",0.041889454145312796
"10661_9",0.984601967203832
"4368_10",0.8153549116675856
"12086_4",0.04800147304452117
"6465_8",0.9881121381680917
"4706_1",0.037845543398503344
"4694_10",0.7232972679478502
"12150_10",0.9713820149509984
"208_3",0.0463699144316025
"2587_3",0.03929270174224987
"2804_3",0.04420932911931793
"2837_3",0.26893527072079976
"11070_1",0.03510193488560059
"11909_4",0.053062280164980706
"9945_10",0.9670245957613055
"9281_9",0.9095762387141936
"8458_2",0.04276375727120717
"9882_2",0.036183785702631456
"172_7",0.9030291627502183
"7632_2",0.058489707171589585
"12246_9",0.981377333750013
"3889_1",0.038531926726613604
"11140_4",0.15333574782203535
"5240_9",0.9607425300897612
"7965_4",0.7623938408277706
"3387_3",0.03931204295062743
"10817_4",0.03539054823854785
"3332_10",0.897855188814864
"1156_9",0.9915024528325
"6585_1",0.04015373001662754
"7931_3",0.04222203875687941
"8268_4",0.03744352270761579
"6443_10",0.8738877006779828
"373_10",0.965919227810668
"5912_4",0.08537716981411074
"11475_7",0.2522218944525722
"10738_4",0.08679180107178806
"11175_10",0.9881894779846122
"9008_2",0.05424515411052786
"2218_3",0.04007897737634815
"585_10",0.9687849323705877
"3448_2",0.11482071283022557
"3860_8",0.9609305933762273
"8335_7",0.9776864532875824
"1907_1",0.02634531010745116
"9169_9",0.8326138041052418
"10375_8",0.9869521842652887
"10432_4",0.2080332721184968
"11399_1",0.09846415055280935
"3430_7",0.9851810998136059
"2859_4",0.04278397670693282
"3899_10",0.9871943231477229
"9648_8",0.9827340891756244
"9233_8",0.9789432358095956
"10574_10",0.9871929712414211
"3489_4",0.9322314437872029
"8115_8",0.9602347841788829
"11495_8",0.9855703947293125
"6885_7",0.06305560700473904
"1534_10",0.980728286091969
"11721_9",0.9687281622079298
"11610_10",0.9617874339543526
"2712_8",0.9701130940907798
"3140_10",0.9619186558663545
"4880_10",0.9647032156891908
"1592_10",0.9911352272209074
"425_10",0.8915178885097009
"5798_1",0.03413087655484501
"2212_8",0.9808571851123832
"2685_3",0.03500863453219015
"9625_2",0.035244154588562025
"8492_7",0.9559118271795902
"4932_3",0.2874944354754534
"1704_3",0.04571056959662779
"301_4",0.041361298431665125
"2599_10",0.947084912780031
"2364_4",0.037898471240445826
"2323_3",0.03950338503029149
"1885_8",0.0544797429225832
"1232_1",0.036243177009991044
"12055_1",0.03509018618846459
"2894_10",0.9902436334065189
"5347_3",0.7896658181971007
"1799_4",0.12978884159468504
"7460_9",0.8478245022799186
"8798_10",0.9816824196940714
"2134_4",0.06977462975553897
"2964_2",0.12989133035410821
"345_3",0.049227793645510776
"2670_8",0.9759579102484375
"10282_10",0.9833594328346564
"5587_8",0.831504480729187
"6115_2",0.04221481176705002
"6974_1",0.04180694683351587
"8500_10",0.9635602889178947
"5073_8",0.9610059939954179
"5291_8",0.9811567073117513
"11728_7",0.9507092397471845
"3207_4",0.039272470878413984
"2553_8",0.9543897710913504
"10896_10",0.9766657071940742
"9321_2",0.04188383988588905
"1484_4",0.03949281353392291
"2106_2",0.08114245653314472
"5487_4",0.03578811990602683
"4835_10",0.7929381625264681
"1023_3",0.07823019705826441
"11524_10",0.9869959797523468
"10672_7",0.933631138936714
"9769_3",0.03554287278702427
"590_7",0.9654155487791601
"11530_3",0.03654611236948059
"349_2",0.045371742316628605
"2165_4",0.040424661068195124
"1574_9",0.9723812554944532
"2792_1",0.03482693982845532
"980_2",0.0349372392215561
"5745_7",0.26602474276053784
"4323_7",0.8948177953045487
"11569_7",0.9660214210841915
"3637_1",0.03872339006944139
"4511_1",0.06392459086176183
"8404_10",0.9742981648815279
"8947_4",0.11523278203859008
"12317_10",0.9897475577508618
"3927_4",0.06447995573843063
"461_8",0.9819217783355436
"11651_2",0.03423054998333091
"7697_4",0.03975036375183113
"7799_10",0.9732410654390082
"2111_8",0.944500392662988
"9745_7",0.9864539123902925
"4419_4",0.09347412444405011
"9337_4",0.11285668639679064
"3908_10",0.9661719547492654
"9211_3",0.11248333326711624
"489_1",0.04397923097931189
"9229_8",0.8381081483798692
"381_1",0.036999719680593735
"1355_7",0.956545268323894
"12100_1",0.039538687541142
"6126_4",0.07110432534543594
"8315_8",0.9900732773565243
"7513_10",0.9000168528295271
"5547_1",0.10611959278157045
"8050_1",0.04887124292649134
"7332_1",0.038085261540179494
"9044_8",0.9916129000261965
"8491_1",0.10525925383598708
"1919_8",0.9910051249422687
"4076_7",0.9144042222043541
"9251_2",0.16553028792619057
"7325_10",0.9888554638902949
"177_8",0.976469749407699
"8104_4",0.040494284322869716
"919_4",0.03958629736479038
"9417_8",0.9906015253618767
"9440_9",0.9330910425325851
"11105_9",0.9600306918889447
"7670_10",0.9469564019542865
"7404_8",0.9751235642628593
"5120_2",0.03989794611208754
"10153_1",0.05230902240176548
"1763_10",0.964464123687453
"9316_4",0.7617528882914298
"6396_8",0.9687410944456636
"8865_10",0.9884665145576935
"4552_8",0.10115888338195834
"874_4",0.07478908639648628
"6690_2",0.042935053756867216
"11970_3",0.04157286935169606
"1202_4",0.08095184642897091
"6024_1",0.07659351321462728
"10117_9",0.9828601420870577
"9511_1",0.10261824095503455
"2314_10",0.9202008452644338
"6053_3",0.03140603713404209
"10165_2",0.11837105669562575
"8410_2",0.09608563611418577
"1457_1",0.07529917795504402
"9651_3",0.042622147401094775
"537_2",0.03585157708358979
"7191_3",0.20507183185182964
"10258_8",0.9718508199525491
"4774_8",0.9261826351092746
"3560_8",0.7802536966510663
"5960_1",0.03628676431453221
"881_4",0.04970408151477767
"2420_1",0.056542125031107185
"4959_4",0.04513037804332994
"7138_1",0.03565929667177613
"9317_10",0.9483829200794027
"5454_4",0.03470348402641825
"7450_9",0.7244662856581425
"9679_10",0.8424084461092204
"10988_3",0.11081972007390649
"2932_3",0.060353259976265866
"10110_1",0.036090854797684646
"9165_2",0.11220276826589132
"11712_2",0.03574713020962482
"8979_1",0.10819630909639602
"12426_3",0.04366554763947312
"1630_7",0.8817973312744295
"11990_10",0.9094953532055812
"5395_10",0.9900825469605732
"896_1",0.03534014598765253
"11463_9",0.9361393005859168
"7096_1",0.04604447524487963
"6198_10",0.9710267165240131
"8141_10",0.9880933127672112
"2650_10",0.9499154338847837
"12337_9",0.9863939831501366
"1995_10",0.8854172732440841
"6349_1",0.10063183506431837
"12270_2",0.034552446151721684
"12494_2",0.04183207342923483
"7081_4",0.18706167752159422
"3010_7",0.12875326800407583
"2924_2",0.05656440140823708
"3185_10",0.8602769990576773
"1377_2",0.9831625748032903
"4858_3",0.05951901386982689
"4351_3",0.039151190931750894
"6865_2",0.03619272854773837
"9527_3",0.0581294192961339
"6223_7",0.9752742634915235
"11598_4",0.048745771122702265
"10605_1",0.03607862826543048
"4609_2",0.04077286763296466
"3736_7",0.9844873599781476
"5615_1",0.036054077798028175
"11109_7",0.9187946475135382
"3924_3",0.045024352371577654
"7452_1",0.9721253560802542
"4288_8",0.7948749734615073
"8825_2",0.08163470759255105
"3168_7",0.9884198568518568
"6407_1",0.03626481351779193
"7016_3",0.09526159552344575
"129_1",0.035026657152054094
"9808_3",0.08347875083303216
"5620_10",0.9666966157676813
"6404_10",0.977033835013422
"10781_1",0.09957681264909594
"2446_1",0.04046886446437526
"2191_10",0.954289932893446
"10848_1",0.04001432553054973
"11201_10",0.9413438092267632
"6818_9",0.9863857701584603
"4607_7",0.9687438273945613
"2410_7",0.9713472673890331
"9656_9",0.9900269386503198
"7841_7",0.9710204309239149
"11422_7",0.8649220931249065
"7376_8",0.8699813300218252
"10804_8",0.970464369548348
"11793_7",0.901861678375845
"509_7",0.8796519980206549
"12459_10",0.9812276110497997
"354_10",0.9881151243723374
"2740_10",0.9470501571375104
"1469_1",0.03715656439944667
"9219_10",0.9614679730712998
"7248_7",0.9636478586632617
"5620_1",0.04083418089745495
"12160_1",0.039964807993611705
"6037_10",0.9739549177274244
"8338_1",0.035013077438237714
"1954_1",0.03667542248994828
"6996_9",0.836491176035763
"9888_8",0.9891073335732913
"5470_7",0.960464208971174
"11915_4",0.642326396028444
"7057_4",0.9430894754894333
"10320_10",0.960718883858731
"4447_3",0.0410154575694446
"9711_9",0.9366513743156448
"5077_3",0.043634705590820756
"10912_4",0.0693062806231952
"3224_3",0.18333192041233576
"9946_7",0.9059805256062747
"10650_4",0.8458446281671662
"9613_1",0.06266446575537031
"4909_3",0.03774024254807126
"5607_8",0.9591239552048876
"3315_1",0.035651194417155224
"9271_1",0.07436901101330604
"4248_4",0.08822174110907002
"5849_4",0.13982844064354918
"3944_1",0.03462884571023589
"3580_10",0.9774314578998273
"4592_1",0.03865095707901803
"6375_10",0.990411990963225
"5955_9",0.9707740168227961
"11613_7",0.9738445075719903
"8278_10",0.9730016645378213
"11339_9",0.9913092045031211
"6813_2",0.08463365721440735
"3747_3",0.04183672946404674
"5916_1",0.037943043934228295
"3298_1",0.0391066140369345
"11303_1",0.05940730851128846
"5758_7",0.9841622172747341
"11652_9",0.989147835154608
"8748_2",0.8763327854587484
"11092_2",0.035539936804986634
"8729_8",0.9871029206175794
"6332_4",0.038061818712268464
"3700_10",0.9840030549378562
"10507_2",0.0352189943314665
"2287_4",0.04057161910089506
"10549_10",0.9899045433159082
"3005_10",0.9826047361443737
"5657_1",0.04022415649292356
"873_8",0.9884204202047379
"2274_1",0.03844753254819651
"3208_4",0.07707360833693334
"2663_10",0.9718190667332235
"8134_7",0.03500598694963646
"7443_1",0.7036085751429609
"7507_8",0.975449429279621
"1423_1",0.0354858412687512
"4014_1",0.04061790885433706
"9662_1",0.034707143155552234
"2512_9",0.9865451610924628
"8415_2",0.07187839531085742
"7672_3",0.040198621215296326
"5925_1",0.034658570634711644
"2654_2",0.038146156151961534
"1780_10",0.8296787142541668
"8813_9",0.984226525166558
"9378_7",0.8668174844395209
"12120_3",0.042660915725120443
"8985_7",0.9838931825097943
"5771_3",0.034183901115590554
"7305_10",0.9834375956238377
"8681_4",0.03840347740937716
"7415_10",0.9737729543413269
"9346_8",0.9643136023267976
"9750_3",0.19988240699003282
"9083_9",0.987943250382479
"12255_2",0.03646845960313116
"5035_1",0.051129968699770476
"12384_10",0.054812848038124785
"8381_4",0.03474985382241787
"825_1",0.036429004570156055
"2034_1",0.03427106686873255
"439_10",0.9890168741783554
"5753_10",0.8823181515491532
"10370_10",0.9091293772078877
"3395_2",0.0361776292663269
"8101_2",0.04971377401753078
"7885_1",0.03489259761029685
"3266_2",0.06681145538332116
"4623_4",0.04798827140377532
"8123_9",0.9075358967930091
"1787_1",0.03468345773964791
"4001_4",0.06456984716827488
"3530_2",0.03531270481935397
"684_1",0.034925502967246225
"744_10",0.8752558898603462
"8439_7",0.9344828502034065
"8678_9",0.8483232864598078
"11851_8",0.9408029603159519
"1237_2",0.1376415185642033
"4557_3",0.035192612000156304
"1847_10",0.9906699079758483
"4002_1",0.034365110974267456
"1620_1",0.8749766542017655
"549_10",0.9680536823273511
"4984_4",0.8836641503041487
"4673_8",0.0429841594119542
"1373_1",0.05758684732956512
"6927_1",0.20818249315693918
"9201_2",0.2959490798534632
"4293_7",0.9719719737607908
"826_3",0.03930309361552971
"6337_1",0.06745852656506149
"9978_9",0.984434205315952
"11379_10",0.9695620969477088
"3874_1",0.039048736631495176
"9943_1",0.03416690997409838
"7236_4",0.2012713117763382
"7816_1",0.036435457366195356
"3849_8",0.9946685523717738
"1167_10",0.9685036358873558
"9667_3",0.052023601754967494
"2506_1",0.03493819497895063
"1372_10",0.9698912777619206
"6788_9",0.9219058445847553
"4792_2",0.0411178304925607
"7909_2",0.03971319189204959
"2213_2",0.043098426254920726
"434_1",0.03517303338967468
"9245_1",0.03820106837752656
"5822_10",0.9851227894491879
"5406_1",0.11639162698654942
"2011_1",0.035565339656414334
"6805_10",0.9864974183791166
"2557_2",0.04306096071277105
"4343_1",0.06424298414129034
"1493_4",0.04455265219529392
"947_8",0.04923983057255113
"9494_7",0.11931586914183616
"10228_10",0.13565537815082132
"707_10",0.9844880233491475
"2018_10",0.9793632731238833
"11093_10",0.8404014540697508
"11113_10",0.968636687158683
"11596_1",0.0397751425839151
"7453_1",0.03551803856208996
"9045_8",0.9879512023319188
"12264_7",0.9836465112959352
"7271_9",0.9850831627648603
"4560_1",0.11169590788569753
"11223_1",0.03800269903327406
"3939_7",0.7931072756463641
"2714_2",0.08052970884815497
"1940_9",0.10275452094501197
"3640_10",0.9889123987725222
"1724_1",0.03829425815922864
"5383_3",0.07805974233110914
"7323_10",0.9663340828376934
"7345_4",0.0346640101975484
"775_9",0.9903890953042243
"11995_1",0.03551321525970534
"400_10",0.9730257556658037
"10279_4",0.04720008896523406
"673_8",0.15774620291011035
"4168_10",0.9525676166965659
"11761_7",0.9703480172215593
"491_9",0.9396016860131744
"11472_1",0.03708777414394071
"10045_7",0.9801162999229065
"9449_4",0.04545344263926048
"12496_3",0.041438963404450135
"12422_1",0.03712376181903673
"8159_4",0.7609753868531379
"8668_8",0.8943827258834177
"7572_10",0.9617075037065228
"6696_9",0.9757474418166513
"64_10",0.945282761795065
"2715_1",0.2499848531027539
"9333_4",0.11055099409862901
"3722_10",0.9861790399809078
"5692_8",0.9125587037015515
"10074_7",0.9786442976943697
"1717_3",0.06047070711398509
"825_8",0.9808660671708973
"7796_10",0.9901079832530185
"5550_3",0.04985002985501929
"6114_10",0.06398455315564938
"4440_8",0.882436710929106
"9616_4",0.131480288848872
"12090_8",0.838686294113518
"10728_1",0.03978458571843974
"4419_10",0.9857475893750907
"282_1",0.06929856573445149
"4825_9",0.9586430297968068
"91_10",0.9693878196167593
"10399_2",0.04018789117606004
"6773_4",0.05163207088562415
"1364_10",0.9618737832971249
"2806_9",0.9642570936400673
"4520_2",0.046832602340116804
"8211_9",0.98377821723432
"3594_2",0.04198889291174775
"11353_4",0.04869486779866479
"307_1",0.1732299397729917
"10963_4",0.058644648084205456
"4023_7",0.1675751458184941
"11450_10",0.9132835759284351
"3567_4",0.8211072672109435
"4751_7",0.8935910432561587
"9798_2",0.035133373958734504
"1864_8",0.994891283768728
"3168_2",0.08482343938927636
"6506_2",0.05438482573239889
"12484_2",0.037964723758138266
"11999_8",0.15207521116519107
"3571_3",0.03736278547524576
"147_10",0.909110338757089
"6691_9",0.9876079095314892
"11295_8",0.9826147395240017
"9344_10",0.9915536875675737
"9513_2",0.04574590600625431
"11066_7",0.9872453995305668
"4330_8",0.9280979833257034
"5194_10",0.9064387056594035
"11676_1",0.0435889114536252
"4587_1",0.039712799019680015
"11964_4",0.045945722123393054
"12456_1",0.035763859933722775
"6054_10",0.9853184758685967
"2140_7",0.23592472388603292
"1388_1",0.05194352150164888
"10681_2",0.03545258221811137
"4614_8",0.9877398274678747
"2604_7",0.20921047032771584
"4234_1",0.04260444607697297
"4261_8",0.9082928812005567
"4907_8",0.9861331321308835
"4134_4",0.0716171081317606
"4125_8",0.9895363908574112
"3795_9",0.9317923677492531
"1356_4",0.05245318973379237
"10711_2",0.04354650533685782
"4728_7",0.8733593611781081
"8254_8",0.9394300616527048
"10769_2",0.05063935499664751
"7185_8",0.9449390553516236
"2842_9",0.9815482014549106
"4565_1",0.04602268886690772
"3030_9",0.9782006703926199
"2997_1",0.03936861322209494
"1311_9",0.16057241313778114
"12499_10",0.9811634121530401
"9830_10",0.9482196726461996
"1774_4",0.040895133697231925
"6676_10",0.9934034545171051
"6502_9",0.9552612151690468
"1521_1",0.2484631404208006
"4253_1",0.040005965494827406
"2775_2",0.03432282525315848
"7324_4",0.03666294016810424
"1207_4",0.09564788548450634
"9903_7",0.9796445238710257
"3195_2",0.03637084883866276
"9213_10",0.9861993215436778
"7751_1",0.03543704084611196
"1616_8",0.9871089547721034
"1482_10",0.9579291664481667
"6772_7",0.7089031768216049
"2008_10",0.9840123298661388
"6799_4",0.07398117535817314
"5004_9",0.9839606236274697
"3487_2",0.03623879927910775
"10892_4",0.8635948563726563
"10839_4",0.049551639141287844
"922_8",0.9735834644196388
"4163_1",0.03508369080312013
"10738_8",0.8448405441421759
"10678_7",0.979016543368229
"5892_10",0.9553412836133106
"6202_1",0.034335320350669746
"5792_10",0.9795647610761518
"12161_4",0.10217434079609321
"1097_9",0.9365994692646825
"2930_3",0.10719483713148424
"4087_3",0.06692662630390436
"11875_3",0.061180858908211976
"11770_4",0.04574014663025714
"847_7",0.9568178235798787
"10620_9",0.9814718220611492
"1455_10",0.9876972922982292
"12294_1",0.037346090945674516
"5653_10",0.954679751276665
"1874_9",0.26144199832890747
"10487_3",0.0588972358485268
"22_3",0.04876041765266679
"2760_1",0.041089384402214935
"9822_7",0.09677734296355267
"1068_10",0.9906004729022315
"11117_1",0.03534251863092081
"10409_2",0.9832364146957231
"1877_7",0.10371100422676495
"7347_1",0.08113486597753151
"4231_1",0.10066126192514713
"1122_1",0.04349819765429209
"933_3",0.6884372982821799
"11883_4",0.04158523896748412
"8386_10",0.1980804827282979
"12297_7",0.9093634874032351
"11847_8",0.9858743776560321
"5511_1",0.03972403600717013
"9587_2",0.17680353793738882
"10027_8",0.8645437753870686
"7210_4",0.047692045356423296
"2490_9",0.8908323836274703
"4889_10",0.9907305161232993
"8192_9",0.9883068119356053
"12133_1",0.11775111452610319
"2098_1",0.04954318801489452
"2941_9",0.9792778180032975
"5742_3",0.034047858476193876
"10645_4",0.04014684522788776
"1162_10",0.9906333875017226
"4383_10",0.9864875331715746
"5325_8",0.955670961050355
"1324_1",0.038421513243425104
"1374_1",0.19859936840063325
"116_10",0.12447341685493021
"2898_10",0.7131282313800781
"8799_10",0.9660577094427014
"6654_10",0.9751866373839148
"8630_1",0.035112001350028545
"3452_7",0.9867577232590025
"3609_8",0.9372051584900374
"4740_1",0.03596025437973136
"8368_10",0.9888886172268181
"11960_7",0.8645348927686922
"3583_10",0.8778588465311183
"1581_8",0.14243397026384802
"1378_1",0.10639085700737415
"968_2",0.03441846617920269
"4524_1",0.03209240005857368
"5036_8",0.9879687090236264
"12287_3",0.03719825461374755
"9236_10",0.8486389283558335
"5447_3",0.07942090741698318
"11016_1",0.039522636496079754
"1935_3",0.04659999771550691
"5300_7",0.9935663939712815
"7775_2",0.22783462839819774
"4398_3",0.045042162168397605
"5692_2",0.03823640990507524
"3517_8",0.9743726716890205
"6007_1",0.03717804884939302
"10127_2",0.037066360982269224
"6614_10",0.9884847312923156
"2767_10",0.9547939635704134
"3187_2",0.04073269234926762
"6473_10",0.7716366449818423
"12263_1",0.03414676853091113
"10838_2",0.043793678976759336
"7367_9",0.8193415130060945
"8873_10",0.07309777674349047
"6016_1",0.06189239563526745
"10363_7",0.7711263427909295
"3541_2",0.03538711270978787
"6416_10",0.9813022835091664
"4538_10",0.9731491455193579
"56_3",0.03977422896442746
"7946_8",0.9632826964707579
"6003_4",0.03684576962051869
"974_4",0.03928496081919665
"11651_9",0.9839659361226243
"10283_1",0.11095815377280387
"12334_2",0.04418942630173972
"972_1",0.7528946040778726
"1513_8",0.875597593778523
"6141_3",0.11512642457985077
"4195_7",0.9836466978928871
"10176_9",0.987410793649951
"1918_2",0.034954805706187045
"12117_1",0.12993859475908534
"7567_1",0.03908876596496681
"2949_10",0.9841707842324814
"11937_9",0.9889831034151892
"8513_2",0.05465851062336077
"3913_8",0.12139908802201438
"1310_8",0.9796908174217835
"10461_10",0.9875915006807626
"3309_8",0.9056086247253364
"862_9",0.9249854839992259
"4040_2",0.023150219777129978
"78_8",0.2733959881696347
"3491_7",0.0393290008294531
"10862_9",0.983495765298325
"4763_7",0.8711357095098884
"7421_1",0.07544856678921708
"5350_1",0.17715015992826724
"11491_10",0.9344922106342383
"9975_4",0.04357688513001137
"10123_10",0.974867059111651
"11573_1",0.03600544994441619
"2337_9",0.9858396140458594
"251_8",0.8499341983502421
"1942_1",0.038174422893712395
"2940_7",0.9472956693388016
"4342_7",0.8072990917945682
"11250_2",0.045933987574791016
"4224_1",0.11871695709755614
"10106_10",0.19790733138132116
"7764_2",0.1629178558491862
"937_10",0.9807750128703734
"3112_10",0.9843707223740567
"9922_8",0.9629896485879449
"3259_7",0.7730694427408763
"7828_1",0.034844653435722676
"4031_7",0.8750556285131413
"1277_7",0.9764152359847755
"3162_2",0.05699001443691235
"7_9",0.9864053787085162
"1832_4",0.047911807980537915
"10997_1",0.2071512128418327
"10572_10",0.9825539455196436
"12194_1",0.037594447607998085
"4648_10",0.8075064633737691
"7207_9",0.7710247969012436
"11000_7",0.9749032198281958
"4943_2",0.03593246180192995
"10601_10",0.9845747070585212
"4731_1",0.9097116688957343
"9272_8",0.08058191062678807
"11551_1",0.0342551980883789
"9074_3",0.05525903498378208
"2486_3",0.0940660974580921
"618_1",0.037321129264613555
"8683_8",0.9751225573244278
"2618_10",0.1730096503836226
"8471_9",0.8711086315758968
"6394_4",0.03987538418897901
"6456_2",0.060440739239887714
"3195_8",0.9581049157532351
"4188_1",0.03905783935243077
"3985_10",0.9796276668008412
"7099_10",0.7613580106557627
"1558_2",0.03396679697775587
"2877_8",0.14604125268917667
"3928_1",0.039667290109040056
"7206_3",0.037555876720875014
"8088_10",0.9797363630741147
"8167_10",0.9804422256737855
"8590_8",0.9788485742460179
"6973_7",0.9094567483098298
"4974_7",0.9862673275126354
"10151_1",0.05406692040137541
"5268_4",0.03880307196863959
"5258_7",0.9895991414547346
"1478_8",0.8979570762309691
"5094_10",0.9810802827686759
"10126_4",0.23727778525075643
"9357_2",0.12078648438637045
"7750_3",0.08166012370867562
"11628_3",0.12633143381843825
"9124_7",0.9651477744614877
"1802_7",0.961366364274381
"4820_4",0.0698756777281192
"10019_8",0.9838678267914129
"154_9",0.9801186984296901
"5049_4",0.034058761188599115
"4372_1",0.0344928279085354
"7807_10",0.9820263526972374
"5127_10",0.9551399284345002
"11480_2",0.03737685645472971
"10145_1",0.04008369512691029
"7090_10",0.7535563815851087
"1288_1",0.05312156110683378
"11316_2",0.04162810991055656
"8428_9",0.10996571183919512
"1843_9",0.9841341980907894
"1916_1",0.03544010244395528
"2657_2",0.0373382987242985
"10504_1",0.03613229398549369
"11621_3",0.11018644857753802
"10148_1",0.03808704549537737
"3339_4",0.06669728902677732
"8202_2",0.039426462363899135
"7796_1",0.04429509235031787
"4625_2",0.043923219596325384
"11859_4",0.05885288881036532
"8261_1",0.03883516650046214
"4670_3",0.042058376514033255
"8412_10",0.98932964792636
"1010_1",0.05685498914464752
"436_10",0.9884172283772632
"9351_7",0.26674130566534704
"3767_8",0.9825807416641434
"4794_1",0.036034918566941944
"8447_10",0.15068309128065663
"6182_2",0.07802876300869938
"8754_3",0.9574469355278987
"2709_3",0.03961551660703313
"5882_9",0.9904829390933468
"6916_3",0.11663387986028961
"11886_1",0.09672981512041828
"123_4",0.9743703096678813
"2827_9",0.983494544110866
"11440_8",0.9379517977883742
"4100_8",0.9826464784962569
"11645_1",0.07496143432183305
"7949_10",0.9862125140600511
"2017_1",0.06878951621136135
"3451_7",0.9881378479535451
"10986_10",0.9769143644303202
"1541_2",0.09796336875713998
"12336_7",0.1695033423920017
"9787_1",0.04200675532219842
"5282_10",0.9948686102794768
"9568_4",0.19952264503813455
"8222_1",0.06312545971175727
"5415_9",0.9795977754708458
"8485_8",0.19707384525301888
"6449_1",0.036583195250676374
"466_1",0.043095395343378785
"11997_1",0.1318902589739377
"6144_10",0.9857137878123408
"3309_4",0.04702454104240659
"8655_1",0.03936694198085446
"10141_1",0.10037795879145953
"7469_10",0.9198933395561693
"4445_10",0.865039351447941
"6651_7",0.8541970146156943
"6711_7",0.8299830900223809
"3329_4",0.04057814206084166
"8000_10",0.9028862847835168
"2279_8",0.9779521393297267
"5012_7",0.9708583439939164
"2437_3",0.06466921451931876
"505_9",0.9648421054475386
"9070_10",0.9329195405106571
"1234_3",0.0393632191755283
"4880_1",0.03706272735665313
"3981_4",0.7799666952010953
"134_1",0.038744049299074934
"3211_10",0.9856041203948023
"2559_10",0.952984684967213
"4512_3",0.03801513287244151
"5957_1",0.039520742998043194
"11626_9",0.9897611583977637
"915_10",0.9800714389591986
"5569_10",0.9846260321402229
"12396_9",0.9819691879915118
"6494_2",0.06598750212272306
"3262_1",0.038041349019106184
"3916_10",0.965794266794258
"787_1",0.03871035121247933
"11092_9",0.9899323000174702
"2818_10",0.9750950591777645
"5271_2",0.16518147189160853
"4057_7",0.9863548212265372
"5042_1",0.0388014174974175
"1204_1",0.05460139496149675
"3651_2",0.04084105778022505
"11763_8",0.9654972601301242
"7766_10",0.9869692815100906
"3498_1",0.040903266429597136
"11578_10",0.984191100376489
"3691_1",0.06358576642025393
"11947_10",0.9728503180735921
"11475_2",0.03588901946105929
"8568_9",0.9007385211290437
"8247_2",0.05119668004423048
"9544_7",0.26119068737984036
"9753_8",0.22253661144609452
"6824_7",0.22869892867712804
"2799_1",0.039937854616207344
"10459_1",0.0365139278562108
"1894_10",0.14834743383496604
"9726_7",0.9341645556572783
"10923_1",0.03421883204549704
"7946_3",0.08920798249420298
"7509_10",0.9895542526512504
"3273_9",0.9152869122298575
"2716_3",0.8789492622942449
"4622_1",0.034491249503611134
"1204_8",0.9489154041331077
"71_4",0.04508485796022799
"6508_9",0.7369336779481374
"7819_10",0.9908615498666058
"695_10",0.7017456259709576
"10844_10",0.9749892466554005
"2413_1",0.9387692843361067
"8768_1",0.03518778652870168
"4536_10",0.9887054294180397
"2576_9",0.9881643547665534
"4473_2",0.04242429917618131
"65_2",0.052095770518439825
"6114_2",0.10058201421492849
"7458_1",0.03417015672700833
"10815_2",0.03691092101706614
"8344_1",0.05162142162779161
"1975_9",0.944566234642854
"1659_1",0.034527510579273064
"11030_10",0.9828303656693811
"5405_7",0.8286930257203524
"2539_3",0.1980651361771535
"6565_8",0.8914999921940308
"1826_10",0.9859815469645713
"2577_8",0.9743671503081419
"6032_7",0.9148062145481299
"3146_9",0.9734790057575565
"798_1",0.03531126656414346
"63_10",0.8345123378527572
"11819_10",0.985481382365041
"2905_7",0.9763519450169407
"2716_10",0.9717227916861224
"1717_10",0.9242806321104063
"1036_3",0.13565136420318952
"11583_10",0.9902698804515895
"962_9",0.9866363550680647
"10203_2",0.037750852806550925
"12225_1",0.025968660223510937
"10322_9",0.8213109144800023
"7601_2",0.09933556486238769
"1675_4",0.9042903604276803
"8235_3",0.03682145992566961
"680_2",0.16855579722629616
"5208_3",0.03933492871996267
"10678_2",0.2589372640557441
"6072_10",0.9653353299586551
"1216_1",0.03548571163331264
"11434_1",0.04300851442270578
"12480_8",0.9455344296330309
"8844_10",0.9822263183846067
"10506_1",0.03381439124616455
"9766_3",0.9098044064444902
"7804_4",0.08565302292622413
"44_4",0.03785896852717087
"11226_1",0.07389120013196371
"11378_2",0.6825740719981437
"7805_1",0.03634451654256221
"4692_10",0.24599848907450284
"2928_9",0.7419047888437098
"8785_10",0.9527592390923803
"3083_8",0.9838129237437304
"626_10",0.9875785441443272
"9228_10",0.8924511117528311
"66_10",0.9836319338559535
"3824_3",0.9551652241908333
"7115_8",0.9431947365151077
"11893_10",0.9883959193386666
"1628_1",0.03536990801252858
"2236_4",0.04339118242405464
"2032_1",0.03651929962248081
"6613_10",0.980726904901248
"1582_8",0.8024367313501428
"304_2",0.03601807755554877
"2441_10",0.9888287811488856
"12437_1",0.03553937278989039
"9822_1",0.07310238385222947
"10481_3",0.8218884542772633
"9193_10",0.8407982177572587
"3233_9",0.9817037415526984
"7430_8",0.9666820859817922
"10049_1",0.03837482237150146
"6384_10",0.9828075351944598
"3993_9",0.9849940403428701
"4545_2",0.03548964056423423
"11500_4",0.06604147260090859
"12127_10",0.9805000532489441
"7277_2",0.03652135819752302
"8927_3",0.0460329749172511
"5970_9",0.8954387906566963
"12115_4",0.06221656082104339
"6132_10",0.9905840372347704
"4178_9",0.9821324046167921
"11453_7",0.8246016736393218
"6569_9",0.9465411424193622
"3924_7",0.23057250532652124
"6425_1",0.03645295281787504
"1141_1",0.03942678144984324
"3366_2",0.034365728970176514
"6700_7",0.9504425544850428
"7948_8",0.8798835447099562
"2750_8",0.9895936493973797
"11326_1",0.040714691590211495
"231_8",0.9658920282336062
"8941_8",0.8165391436768726
"8304_7",0.22126082758810497
"12179_2",0.06752085543110785
"3808_1",0.041650795675843434
"2710_1",0.03522965488093733
"4833_1",0.039247850119445336
"10405_7",0.9827546759193907
"449_9",0.9832743948237135
"7259_10",0.9248948315332766
"8513_10",0.985327595897461
"801_8",0.9888539477184063
"11322_8",0.9270888942129041
"8417_9",0.9664690143969614
"7059_8",0.18387922084599229
"681_3",0.09471162717774935
"3135_9",0.9523038177826582
"7172_3",0.04886618210947671
"11061_10",0.9876879952729218
"9555_9",0.866374314153183
"1331_1",0.024816620287236975
"9155_3",0.03518273997896934
"8765_8",0.9713405828598447
"4714_8",0.906105613633879
"7593_9",0.987853676604345
"7769_1",0.04334053688945438
"5016_8",0.2627053007818845
"11917_2",0.044000744647415206
"3311_8",0.1476386937644795
"6784_4",0.19920273376111042
"6685_7",0.9823630994111263
"1232_8",0.983121698467508
"765_2",0.045929828102292874
"6159_2",0.0385772150008654
"12037_3",0.03476121384421182
"60_8",0.9501715797880441
"6138_10",0.9716525317727809
"4759_4",0.05630313366702864
"631_10",0.9904880171643828
"5993_10",0.9852386510635297
"2751_10",0.9847172530710404
"7234_1",0.05176167603292616
"7966_3",0.03771963064487195
"296_4",0.10195913981179
"8252_4",0.09954177749036479
"10333_1",0.03648818773008845
"5950_10",0.3106496554865167
"2735_9",0.9843583862048373
"900_1",0.04134630134930856
"2350_3",0.10301323424188169
"1457_10",0.8847417657456825
"10226_10",0.9695541019936581
"9198_7",0.9729846699722356
"1072_2",0.0408561084679661
"8332_10",0.9694294648227616
"6264_8",0.9822576444688514
"1092_9",0.9891043397100575
"11888_10",0.9402226076042368
"11702_8",0.8372622689122192
"8704_1",0.035530702610646274
"11458_10",0.9326322649483247
"8218_9",0.9733211677325494
"3739_8",0.9803855947629737
"4787_3",0.8886754011822767
"12097_10",0.5962970351256516
"7894_1",0.03444653355448495
"11601_2",0.03972197239817494
"4417_1",0.32414405201520313
"11108_10",0.9803841703869742
"5673_8",0.9710977083712214
"481_2",0.22694019838080798
"6892_2",0.03525450723102458
"5203_1",0.04268421146551757
"18_1",0.0346133025412631
"5488_8",0.9636113646684714
"750_7",0.9413679588200852
"1478_4",0.036542670184675996
"11340_2",0.035775428653446906
"8735_3",0.03796920363647486
"7404_3",0.06767833261760745
"5681_2",0.03704907430318183
"5863_10",0.8323389551783221
"602_1",0.03420186145795196
"9474_7",0.8869486919229612
"12075_3",0.7286743506458063
"1148_8",0.9431973161084332
"2192_4",0.8712998349250035
"1394_1",0.0360648978380401
"2643_3",0.04260417771575263
"8214_7",0.9537327302719049
"6728_1",0.12532864106547065
"5397_8",0.9616820604569636
"7056_7",0.9649496945631757
"2669_3",0.03858679136949352
"10713_10",0.9889054598664787
"1349_4",0.21390073513905053
"3254_1",0.035692257661446895
"9717_10",0.9057861814306508
"11358_4",0.03521325500331111
"12262_1",0.03738351965397383
"1332_1",0.02901439644504943
"6116_2",0.04997533040848267
"6324_3",0.03658268669299564
"10808_8",0.9057511304271825
"11632_4",0.04044848505571444
"2881_3",0.040250211184830915
"3524_1",0.03440810337461198
"10503_8",0.24736998993772713
"11525_1",0.023977158013732507
"9973_4",0.04926871901110523
"9804_1",0.03798366925740997
"1865_8",0.8695799631939181
"8001_9",0.9820001959328801
"5776_8",0.10666822461622315
"11848_10",0.9831322054120806
"4809_3",0.1804527729193636
"841_9",0.9485787805490623
"227_10",0.9499645989217808
"1833_9",0.9906866322944253
"9471_10",0.9895471737262086
"960_3",0.046253990005527254
"10763_1",0.042240263134627413
"1330_1",0.03678631920345894
"326_9",0.9739449485825208
"3392_10",0.985490965026872
"5883_2",0.0366279452442967
"12168_1",0.03560254762598565
"7525_10",0.9107250431532727
"10578_1",0.041983284108591624
"9173_3",0.036328301994911626
"7214_2",0.1104987640300768
"7163_10",0.9584966772629759
"5177_8",0.8883356207107754
"3372_7",0.9592255436300599
"6041_8",0.955025156397481
"1590_10",0.9627862496095325
"31_10",0.9806306763075531
"2533_8",0.9860110831488186
"7927_10",0.9009287985899093
"5037_2",0.042972936005337255
"6046_2",0.07430011920926836
"2099_3",0.04344035697016541
"133_1",0.17833004384313164
"205_2",0.04437518971716152
"374_9",0.9828295780882368
"8944_10",0.965984525113768
"799_4",0.09538111252737656
"8832_9",0.9633303733261989
"3836_10",0.9882080699349263
"2940_1",0.037549735422090315
"946_1",0.07336554605567458
"9310_1",0.03829758763960466
"5853_8",0.1289640576318442
"10852_9",0.9501920244184693
"4061_4",0.10637505740617155
"10301_10",0.9576885485885461
"11104_3",0.03460542089824362
"9339_3",0.0789429794842418
"537_10",0.9878616449888455
"8661_7",0.8798215425707567
"9381_4",0.15664126868645126
"12473_3",0.045720527078531914
"5140_8",0.9811850774697558
"4624_4",0.036778274118399575
"9156_3",0.8792142516638696
"5980_2",0.0390184570135772
"5920_7",0.9719004577880745
"4013_1",0.04145159923125223
"11879_2",0.0396785787009407
"1317_10",0.981094727575142
"4647_10",0.8866263026548877
"2550_1",0.03498264206440871
"641_8",0.6639874176609964
"10069_10",0.9835639337413707
"12215_10",0.8385639998275605
"6293_10",0.9841430444664722
"1416_7",0.9708973584739231
"8561_9",0.9485683644952959
"1981_10",0.9550606550091417
"1667_2",0.0404720401676531
"9680_1",0.04491022829855376
"888_1",0.023962022487711992
"2202_4",0.05113993462405872
"8835_2",0.044936254456330135
"9340_3",0.8183390359876505
"8742_10",0.883047884244794
"1892_2",0.034723035900046294
"11940_10",0.8453981316162332
"5976_2",0.03484163657147629
"5430_8",0.9667061589134733
"9125_9",0.9899736775914806
"5217_8",0.9803121688388678
"5257_10",0.986896295067092
"5487_8",0.8867278243998528
"10815_8",0.9581462834540839
"12438_1",0.03812155704408983
"11433_3",0.05868306605826897
"11570_1",0.07287959129510996
"11880_10",0.98081229247052
"1983_3",0.7727670832789146
"2916_1",0.03574495252971729
"8119_10",0.9908751964139764
"10960_2",0.043371632248278114
"2798_2",0.03677376929565684
"2797_1",0.1687162438517886
"9931_4",0.28454227061845444
"6244_10",0.9819006892561627
"8361_2",0.03582626194206965
"7098_10",0.9798308935733628
"9107_10",0.989129573582748
"9860_10",0.9673506787443648
"10252_1",0.03476267726561345
"12015_8",0.9678654356635689
"2696_4",0.27193558404631457
"9301_8",0.9688520940219673
"799_7",0.7740280331815247
"9411_7",0.9856763716579408
"4172_1",0.0359204155634778
"8008_10",0.990803127556849
"11436_1",0.03436248088488389
"3464_10",0.9866591280876946
"5826_3",0.039098974062061115
"5460_4",0.0443337815689804
"8920_3",0.08020114328634698
"1465_3",0.08026427013522104
"7571_1",0.034545275101961426
"3416_10",0.9759552345609532
"11088_7",0.9551630563071146
"7007_10",0.9814432351282504
"11317_7",0.9509556910026888
"11639_7",0.9640130043416849
"1871_10",0.9857059807205535
"1551_7",0.9854149097929591
"4089_4",0.035148025432253406
"8145_9",0.9829941901921482
"1243_7",0.9746858085681952
"9082_8",0.9633739500640521
"11807_8",0.2520518283141518
"6154_10",0.9864301905847228
"2082_8",0.8805250078928621
"9142_4",0.8412740238940368
"6126_8",0.9725725431235244
"9774_1",0.03538719207172472
"5137_10",0.9747339587562152
"11085_1",0.03122467064343389
"4541_1",0.035594726231821555
"10478_10",0.9891040869068666
"8479_3",0.05486930701061123
"11220_1",0.10511721337914001
"0_10",0.9655420535566257
"5235_8",0.9802479318938018
"457_2",0.05333214162627872
"6784_7",0.9814140712067004
"11527_10",0.9708300453289651
"5935_7",0.9807832302119635
"3697_10",0.9645995667436775
"8318_10",0.9795669526862354
"6770_8",0.8677504221318701
"11760_7",0.8828926137254808
"10344_9",0.989724017291451
"12363_4",0.9133856852574055
"2233_2",0.0802680274647949
"12184_10",0.9894213786523303
"4668_8",0.29251471335857526
"2293_4",0.03615068880871221
"5886_8",0.9861318467650091
"8403_4",0.9062707427560257
"2493_3",0.03980159693881624
"7224_2",0.03795900075926341
"7753_10",0.9689860545918718
"476_9",0.10782059469614412
"3760_7",0.36602652005710556
"8371_1",0.03623774315627532
"2541_10",0.9666727838186966
"12052_2",0.056000422207009244
"2320_1",0.28501957792174754
"5598_8",0.190289708007301
"12342_1",0.03506758633632466
"7391_9",0.9194007590803339
"2615_1",0.037778858530106436
"11251_4",0.08385478893977337
"9946_2",0.035369272322986485
"10571_10",0.9043948030706095
"3984_1",0.03631800499774757
"4633_10",0.9866352900227078
"548_10",0.9769611491565742
"1732_1",0.03604881902361036
"3559_7",0.9663482005805148
"10212_7",0.10410618637592542
"8950_7",0.9723813052158322
"8157_10",0.9867420264501567
"5986_9",0.9878094960401231
"10263_7",0.9776204063729989
"2168_10",0.9888809771541553
"4424_4",0.9048786217934133
"6944_10",0.9662653767369583
"11467_7",0.9630773645744316
"3630_8",0.9680660305765559
"2405_1",0.03765749340151722
"7517_1",0.1233288005356321
"8116_10",0.906445925782187
"5368_4",0.12673126639738655
"2045_1",0.037650288529593595
"11303_8",0.9826999616063253
"11077_2",0.04223627381183743
"6314_10",0.9384622041053888
"12137_4",0.7690876997923449
"12180_1",0.03557399994431334
"6403_10",0.9706039300016529
"2019_1",0.03222554027510962
"7921_7",0.9837548581371887
"3977_10",0.9743831804996711
"11277_9",0.8970027108732953
"8398_1",0.03491231924361333
"1429_3",0.04809233692413274
"9628_4",0.049464341060654116
"2472_3",0.13221732309357953
"5811_4",0.7376787454658044
"11663_3",0.03400284708976073
"3153_1",0.04671709317542393
"11881_2",0.03687832170882262
"767_7",0.8861969365465013
"12243_10",0.9854131130987032
"10969_8",0.9604911713959036
"8689_10",0.8988806395835172
"1854_10",0.9853902805581168
"12392_4",0.03619259066734106
"6627_2",0.026750485755108185
"6819_10",0.9809295102289238
"1587_9",0.19125986255929772
"6999_10",0.9888234120762498
"9128_1",0.8671454219212904
"7141_1",0.06720196747671309
"4485_8",0.9573361818804733
"7368_7",0.20582697889034082
"7698_4",0.953365025940067
"8376_3",0.05483479450508783
"1862_1",0.038717789736539936
"11217_9",0.9820555074489039
"5179_4",0.05757043058886064
"6524_3",0.04158706778709942
"11877_10",0.9624191929275501
"6055_10",0.9909685840820888
"9372_1",0.04179989133653018
"8029_1",0.04273114880080746
"9546_10",0.1799096493175957
"5514_10",0.9888370923415699
"8869_8",0.9852777793086119
"8290_10",0.9852836793157638
"11619_9",0.9546078112341844
"5949_4",0.817692891855574
"10146_1",0.9500862944013112
"11776_10",0.8827100780876598
"2146_9",0.9668723443729613
"6461_10",0.9136678690803799
"10480_4",0.04520349803784495
"9021_10",0.7443260837385793
"11802_10",0.9902637214978683
"9139_2",0.09678362435848367
"5590_4",0.19170339559031155
"5631_9",0.9411027044034179
"6333_3",0.049191426878389656
"10455_1",0.04823432926532736
"10394_1",0.0636351732546224
"8814_8",0.9853226821454726
"11264_3",0.03864974485235105
"2255_9",0.9880297428665017
"3915_8",0.8751104070889771
"3386_10",0.9909027849980319
"5531_2",0.04727087855031595
"1676_4",0.12406923107180953
"7711_8",0.9812595108211154
"7871_9",0.9880735634201301
"11101_8",0.9641039130497293
"11562_1",0.038374330470244314
"11609_10",0.9830236721831708
"9556_1",0.0386797205061731
"7149_3",0.9795983077729387
"11807_3",0.04567219920266028
"12106_10",0.9911700978235973
"4763_1",0.04166142363546648
"2007_3",0.04058703323654241
"8454_8",0.9889835683116801
"4656_10",0.9645497540708581
"717_8",0.9814910284260467
"3501_4",0.07801575615118182
"6562_4",0.04013951306505098
"3926_1",0.16007685996583296
"7497_1",0.036767542105557084
"4257_9",0.9482866726409513
"4111_1",0.035521397130393866
"9865_10",0.9861906264703099
"8323_4",0.043442357598327194
"2228_4",0.042886630467112996
"1180_7",0.9868369844948425
"6315_8",0.9817198424287648
"12271_10",0.9626432240853035
"4567_2",0.7438846829544481
"8745_8",0.9012694620073721
"4994_1",0.03387569325459616
"2842_4",0.07798314684244304
"674_9",0.9637764654087104
"4431_3",0.042673969581855355
"2534_4",0.11023843577903096
"378_9",0.9840457066873756
"6039_9",0.9339057191171468
"9551_7",0.9838803290408148
"1273_7",0.11712286452203813
"4222_4",0.08433828493779533
"7469_1",0.03868304667031633
"8733_3",0.13893346031683468
"9324_4",0.18710222170918897
"8888_4",0.03911515829528534
"2872_9",0.9315427945715181
"2123_8",0.9924042605694684
"4982_7",0.9262588136518052
"10668_1",0.05079441514064632
"2014_7",0.9425720796224792
"4211_3",0.03696680631592995
"1202_9",0.8806881146700926
"5450_4",0.047425194335733334
"2484_1",0.04561523325258059
"2427_8",0.9322019508604749
"405_3",0.03582810947969229
"1_10",0.9909066452379387
"4498_4",0.08791424662683903
"50_3",0.06171794908158737
"10113_9",0.9902890974695918
"8919_3",0.03709530165149305
"1338_7",0.844659779858183
"9817_8",0.9841210790603648
"10824_7",0.7493269728204399
"12165_8",0.7580513563312872
"11975_8",0.9592073940117432
"8537_1",0.0388213082501888
"4443_9",0.9740269738420667
"207_3",0.03688863518011005
"4247_8",0.9562900054756216
"11333_9",0.9881541764611416
"6357_2",0.1503388822986646
"4477_1",0.03481788122651758
"8774_1",0.05168156804635822
"10049_8",0.9612442172523585
"9621_2",0.052424369799717374
"5428_10",0.9909224884478965
"11693_3",0.12269854107808467
"8731_4",0.07574428735494919
"11209_1",0.04358746535810483
"10581_10",0.036216406150437724
"4289_10",0.9764234637785809
"511_7",0.9770383067023019
"7832_8",0.06578398597051262
"2567_9",0.9466127268662675
"4931_1",0.08187408753865934
"8770_2",0.034626334875134106
"8999_9",0.9895325786753919
"9918_1",0.04287597499940992
"2254_7",0.9842776730660063
"4095_1",0.9041012427866613
"8601_2",0.04012817267701196
"10347_10",0.9606969650678586
"2911_4",0.9271080470667582
"12157_7",0.9854670527783369
"5154_10",0.9902858859061836
"27_9",0.9660502261399964
"2586_9",0.9839023848773293
"6344_9",0.9910761119219131
"1888_4",0.035466560831690246
"6630_1",0.036940853717418135
"3202_10",0.9836114786302428
"1517_9",0.9543760555922565
"584_10",0.9880902203185673
"2683_4",0.15162148520362861
"1721_1",0.038576768925073245
"4371_7",0.8732939520455582
"4697_3",0.10824255845937382
"2977_10",0.9865632893265862
"1835_3",0.043172930234080344
"9872_1",0.05029386685739886
"4794_9",0.7963358816148746
"5345_10",0.8957946065006714
"1230_10",0.9820001738656655
"2438_2",0.034846644517127615
"5709_9",0.9856541028647509
"8007_1",0.03415400429384069
"7236_10",0.949935527180441
"7978_10",0.9660010525925682
"10608_1",0.03806294025005444
"10968_1",0.03686662737920359
"3650_1",0.05198160885824903
"7966_8",0.9800855664654283
"8435_9",0.9887878365664302
"6095_3",0.040551953808107444
"12457_8",0.9801648050634941
"611_10",0.9760650425833064
"7589_7",0.9672321551347817
"4378_4",0.141598411107807
"9019_3",0.04321444401126005
"794_1",0.04198022928861159
"5112_4",0.039134427296399696
"8698_7",0.9680620270813355
"2729_1",0.039340124885564924
"9090_1",0.03400051938910592
"9641_8",0.985189469358876
"5065_7",0.797873300670148
"3147_10",0.32275549026403005
"3971_4",0.034439107838234756
"7000_8",0.975670787510938
"6716_1",0.036952233698032994
"11482_7",0.7885247664744596
"9263_4",0.8359010556874106
"7901_1",0.04151879484148035
"8213_2",0.04807295783579569
"1113_8",0.9429302267763722
"1013_7",0.7881049915400175
"2195_9",0.9865519926613135
"1371_8",0.12657779513394182
"7239_7",0.9264454744505166
"11376_1",0.035079626828137256
"3506_9",0.9843901014471348
"3413_2",0.09375430040984853
"8641_1",0.03503300514675069
"11587_2",0.0350084439348525
"7639_7",0.16384331143800296
"8100_8",0.9680987158467641
"8151_2",0.034839319399196766
"10464_2",0.03943679152450842
"2043_3",0.036991246782126175
"4454_8",0.8909824370684479
"6562_8",0.9852204053623634
"8549_8",0.8518078347737323
"1209_3",0.04120091154527412
"2566_4",0.09265723512244871
"5871_10",0.9424401798941567
"6459_7",0.9727088380958909
"11006_8",0.7347243829432902
"3313_8",0.9506549846827779
"5290_2",0.03620887627192014
"9687_1",0.04169404626898885
"4165_10",0.9479711797741348
"11120_4",0.039937891779570245
"3379_2",0.06238266388725792
"5814_1",0.18931726926636133
"3414_7",0.826153131147905
"7750_7",0.98856536252165
"9727_7",0.9439374084008103
"3850_9",0.9801258866833289
"5954_2",0.04813595861759276
"9685_1",0.03661718585242407
"9307_3",0.9095996430562954
"8727_9",0.9841137246493133
"9746_1",0.0346995589911223
"9365_8",0.9909223655057879
"3361_10",0.9885960141097001
"4554_3",0.05431710193283085
"8952_9",0.9741504753033376
"4301_1",0.03427590764337174
"10764_4",0.09463305179993621
"2738_10",0.960807533910171
"3554_1",0.03988547532370605
"5724_8",0.8950591513780436
"8804_4",0.049661454729998916
"468_8",0.9903348372420846
"10527_10",0.9702788324722469
"5117_7",0.9773229245017108
"3390_4",0.23417015684620662
"5875_3",0.04999713305997425
"10380_7",0.9894118377385255
"887_2",0.9888224133394983
"2707_8",0.9462180469311404
"11371_3",0.04429256438472054
"535_4",0.04350238772616791
"10700_10",0.8958285222588541
"3047_10",0.9763726064952445
"5930_3",0.037315855007142296
"6044_10",0.9737868030619377
"8679_4",0.9696228130233138
"2261_10",0.9815129998867669
"9577_10",0.9904583450194773
"1999_7",0.16274720087915662
"6010_3",0.07751650563714546
"861_4",0.0587989098367652
"4360_2",0.03603230472456275
"5373_7",0.13829048300279018
"10760_8",0.9178000114274064
"12436_10",0.9802969071741632
"5149_3",0.8953339931963495
"7091_4",0.06726522976801913
"5135_9",0.9493572863106927
"5552_8",0.9831671763532929
"1713_9",0.9895831643051903
"11445_4",0.2218523807664245
"11146_7",0.8286580063964748
"5286_9",0.9912208083649582
"10518_1",0.034535836626297514
"1122_8",0.8538721211544075
"7680_1",0.040451551432526045
"11042_8",0.9709034323416181
"6336_1",0.07630148357480027
"11784_10",0.8170656868832543
"8759_10",0.9789866802615226
"4362_10",0.882436380900183
"4483_2",0.03809205502833073
"7501_8",0.9827791573789517
"3516_2",0.04334678565116223
"3965_10",0.727138986464803
"4066_8",0.8945366000513749
"7802_2",0.8469131021557487
"1074_7",0.9618115489621766
"4555_3",0.040135870865115164
"11477_1",0.03470956129605095
"5712_10",0.9888979817244359
"1175_8",0.9746176350909294
"6283_4",0.07070225598268835
"11717_1",0.04047679262042143
"8029_8",0.9828564515878064
"5794_8",0.9731288767980242
"8717_2",0.03918586232512475
"10682_10",0.9178107034457941
"4610_1",0.043852529740412954
"4908_9",0.9444075665736149
"8325_2",0.04499752859877585
"11330_4",0.8554300720434929
"5717_10",0.9292111645112437
"11421_3",0.042051415135492286
"4725_2",0.06345728611628366
"2284_9",0.901882742023764
"12433_1",0.03518057384833083
"10799_10",0.959944738629429
"3213_10",0.8097204562932953
"10997_10",0.9235391619513427
"3482_9",0.9840458567135609
"430_4",0.1341573604503771
"6524_9",0.9805170909233996
"2270_1",0.046957776225696926
"6410_4",0.12947217557954643
"224_10",0.777028236910814
"10915_8",0.9898367057634565
"8882_3",0.18492810694317324
"3578_3",0.04937479254839148
"7696_1",0.9808336457792357
"7307_1",0.038335713279579464
"10043_1",0.1983844502636548
"6380_4",0.666294277946422
"3109_2",0.03787211805816283
"398_4",0.03997846724026692
"10498_1",0.04800334706257027
"3565_8",0.9865601914671668
"7844_9",0.9627220580948116
"5879_3",0.08839626244191764
"5004_1",0.3078225988660921
"9347_2",0.10327098836602672
"2213_8",0.988249813534296
"3654_8",0.9294728888036239
"642_2",0.029995502848310915
"9412_8",0.9661269268925339
"7418_10",0.9720410976280975
"2012_1",0.04004391826028437
"308_9",0.9850517488066359
"11695_8",0.9344779941774476
"7369_10",0.2037895256787764
"7363_3",0.8900426394688274
"7834_3",0.1503115077328308
"7705_10",0.9581039599896879
"4554_8",0.9497471414977658
"4773_7",0.9891392162684698
"11944_2",0.8321080472860815
"12303_10",0.9589542207250754
"272_10",0.9756918935404848
"11678_10",0.9885768814248488
"8157_1",0.10792756231491729
"1360_7",0.9800711675066016
"1702_7",0.8426311419475883
"7409_8",0.9834070563457942
"3865_8",0.8044603964162911
"8266_10",0.9856434628783585
"3543_3",0.150209309665783
"8542_4",0.036377647793931836
"2188_4",0.03691606652690676
"7928_10",0.8193516537549947
"8271_1",0.03572990599100841
"2667_3",0.03457278852433864
"136_9",0.98353970261842
"2365_8",0.8187889513717812
"9516_1",0.041641756890973505
"6205_9",0.9904402116993815
"12411_1",0.03458891724180595
"10549_2",0.03433115816170613
"2114_10",0.9791749479423534
"8379_3",0.04686188386633541
"1555_2",0.03767204511359592
"7010_4",0.0884470899772703
"10425_1",0.03861837366058238
"2970_10",0.9838529049648148
"1976_8",0.9771815311258554
"4894_8",0.9676478954907382
"995_1",0.05297930632854782
"12087_10",0.9417381100048817
"5002_1",0.037304703287958506
"10204_2",0.0733902154645893
"7689_2",0.03853567757512813
"8685_4",0.14817493329270276
"4183_1",0.029570037881697337
"7719_7",0.9112931766300134
"6350_8",0.9828821374745357
"6163_8",0.9600015418516877
"11247_4",0.2520617801865158
"8962_8",0.9862118318074325
"7849_9",0.9873006680190153
"4177_9",0.9520148553353862
"4680_1",0.05566809245586441
"10965_8",0.9802454028017936
"3534_10",0.9923775504168071
"9782_4",0.03989685015198903
"9525_9",0.9831268993175246
"3743_10",0.9887126388380274
"1688_10",0.9908333999942872
"4400_4",0.8835723319130593
"1660_8",0.9372019170285277
"8241_9",0.990584665942285
"1238_8",0.9029052381469933
"1081_3",0.03613546266923617
"6151_2",0.0370198757342754
"6025_8",0.8313161237379156
"661_9",0.19030409012752164
"5670_8",0.9902064924080795
"6122_1",0.15565668945583783
"1767_10",0.9864662420966784
"5629_10",0.8368647385739392
"8256_10",0.9540608834349802
"8572_4",0.06730780896902512
"11580_7",0.11790102121892027
"525_3",0.0428445430885521
"2128_3",0.042148610091179324
"10254_8",0.9842559394925198
"3082_2",0.036267834666926485
"7127_1",0.0417353396101535
"9927_7",0.765774693296283
"5694_9",0.8424104053929619
"8063_10",0.990536621773143
"10768_1",0.04052571807872263
"7375_1",0.03980582586988115
"6220_10",0.9848965663561287
"4477_10",0.9722481763159112
"1350_8",0.9799309574106521
"9354_4",0.98284391305853
"9015_2",0.7322720613382832
"719_1",0.06559184211848255
"10544_3",0.06271884001451754
"4496_10",0.9864485323095835
"3912_1",0.03604208809930279
"10120_10",0.9610351707709497
"6958_2",0.03537791251429157
"10964_7",0.8851019034281178
"4974_1",0.037776728658226816
"5591_9",0.9876856999274765
"2295_3",0.18087340144312453
"17_8",0.9844669735960235
"10442_2",0.8767627475107079
"3043_10",0.9677243259831957
"5243_1",0.03419981808909782
"5145_8",0.9549818206642122
"5727_7",0.9883502089399852
"3406_10",0.9859814295334689
"3552_7",0.8922600305499944
"1512_1",0.03511956382310078
"9214_9",0.9899826516522704
"3060_3",0.05287850461770505
"9086_3",0.21138395901303214
"10428_1",0.09738307081423808
"11198_10",0.9220361543817088
"1743_4",0.03761275593637328
"7795_10",0.8520127020000061
"9863_10",0.9797816151442965
"182_3",0.22639046155185397
"9644_4",0.059618193071232735
"10744_2",0.03709842111684707
"3393_10",0.9856158904773793
"3657_8",0.9818643214133717
"10435_1",0.0349091222206905
"9206_10",0.9874300572540753
"4005_10",0.9370292535990711
"5901_3",0.3032260951915777
"498_10",0.9868444272599687
"9583_2",0.07495108306238288
"2336_10",0.9910405909180613
"6107_1",0.9252736493733664
"7079_7",0.9526757349516057
"2769_4",0.9161260235715547
"4787_8",0.988923857276729
"11123_1",0.03740788077440661
"6466_10",0.9819871762684635
"6311_9",0.9819517700059576
"1236_7",0.9382684116929195
"3635_9",0.9908916478952945
"1230_2",0.04224027121081784
"8721_7",0.9686576500694655
"7878_3",0.047393329421854424
"11731_7",0.9381328198929494
"8732_8",0.9659622768672709
"8083_8",0.9058912922013098
"3146_1",0.05645859131029915
"11395_10",0.9544561844744601
"2998_2",0.03482036079133978
"3766_4",0.06720172364946327
"353_3",0.05496792558275514
"8688_7",0.9841525530970431
"6137_10",0.9839232027983051
"11950_3",0.8982442237113315
"5663_1",0.053076336157673064
"1108_3",0.03753142108967332
"10425_10",0.2229529522025584
"913_10",0.8990876700852497
"7852_8",0.9364928016007626
"14_1",0.2107933723611928
"12062_1",0.035493010675439765
"1162_1",0.034254698927002995
"8648_10",0.9190212170636771
"10605_10",0.988573784761192
"1091_1",0.04092471029529072
"7723_8",0.10383743825685067
"5474_8",0.9805377007845124
"8308_1",0.035355662805506664
"9586_8",0.9575713429099134
"5317_4",0.05740979292841975
"11283_8",0.2576363869207633
"9575_3",0.035563990112105086
"8846_9",0.7939837365234103
"8756_1",0.03605393626171032
"7973_4",0.042818048130842334
"9845_3",0.04066959284140337
"11335_9",0.8644625550100058
"456_8",0.9254805272652855
"378_1",0.10908221886207131
"9176_1",0.03581073352950609
"6371_10",0.857238622120336
"3152_10",0.9227257728209443
"7441_4",0.03524732973904768
"10123_4",0.06791040408826443
"6777_1",0.06491355657959874
"7479_1",0.1155638061736675
"5563_1",0.03847992911692452
"9076_7",0.25073694027836085
"11744_1",0.051621340618650355
"1040_4",0.10927331289412989
"920_1",0.03720386882653917
"3599_4",0.035425260721360256
"9629_3",0.0408160602667156
"12346_1",0.06194545200820617
"4237_8",0.9214248986440933
"6596_10",0.9651046925058685
"11576_1",0.03806647211574007
"1140_1",0.0349841712461655
"2945_8",0.9103032347092848
"7518_9",0.9435016173981207
"3435_1",0.04046951323596384
"8219_3",0.2490001784730749
"6758_10",0.9899027530859614
"484_8",0.9849420182177226
"10012_1",0.03416785235247397
"718_10",0.9775664921199632
"12293_7",0.9566389642560631
"6241_3",0.03741156325006396
"10635_10",0.9874523791942834
"2563_1",0.03718387616048945
"7682_10",0.9270018046765847
"4993_7",0.9305434515824836
"12153_4",0.903961074804592
"8559_7",0.8866775644664133
"9700_4",0.9194470896646894
"660_2",0.07014357356999111
"11457_4",0.05352984685975979
"7146_1",0.0602370469443289
"3771_2",0.07176456171216192
"8333_3",0.25850724031820393
"11740_7",0.9793464649950612
"7035_2",0.04506540701301171
"7054_1",0.03469773371434073
"12292_4",0.036694959832305044
"8881_4",0.7920205959360502
"7264_8",0.9754326904460395
"11168_1",0.05809222885845965
"1145_9",0.9834194240437398
"781_9",0.9684580690827316
"5694_4",0.03945710765260741
"2637_10",0.9745101296079359
"5812_8",0.9716446311045899
"6335_10",0.9884872327317427
"10491_3",0.06417356231587949
"4684_2",0.03544816990887529
"3810_2",0.046639091198467555
"12264_3",0.03653230089108317
"8018_10",0.976395044300182
"12185_10",0.9440371368760281
"3959_3",0.10936050589750146
"9829_7",0.9724187088033385
"4694_4",0.038443203025064945
"3884_1",0.0401662752563208
"8027_10",0.9890645449135891
"743_2",0.036010182169331606
"7036_1",0.03633464669686436
"3081_1",0.03426268427410411
"4606_10",0.9363326308856887
"503_2",0.06030119098266948
"6989_10",0.9856512647079838
"10059_1",0.08065928211241263
"1380_9",0.9288590601971564
"3247_1",0.05164643472043443
"6308_8",0.9828609253907138
"1592_2",0.03875386777623781
"3167_1",0.03745482271563663
"6357_10",0.9489454883827518
"7107_7",0.07313453118241849
"5335_8",0.9852936237125112
"11948_2",0.037428967965414645
"10805_4",0.038023646309245054
"638_7",0.9634525049554317
"4311_2",0.04143550263746491
"11795_8",0.9358680877074235
"8031_9",0.9835216477028217
"11930_2",0.09969119027322731
"7886_3",0.9581100820997681
"7253_10",0.9891718043548062
"10955_3",0.040670879007081745
"10680_2",0.03460431905580399
"8754_10",0.945123910478805
"9556_8",0.96840897124277
"3076_10",0.9817205286205756
"1544_3",0.049515291304121516
"2726_3",0.03696695098611429
"8545_3",0.035047859595000196
"3175_3",0.03664832077324795
"2864_9",0.8617232174575901
"547_4",0.056190891616952
"2831_9",0.8602545665760029
"5321_4",0.06316359532518342
"4675_8",0.951831095484495
"11787_4",0.041486860870701144
"2837_10",0.974032284707922
"7730_8",0.9015843282771995
"2309_10",0.6436498572130087
"9078_7",0.987747829189151
"8160_10",0.9884900340373576
"7824_1",0.03436905536965019
"9926_8",0.7624743328975649
"3507_1",0.04011111421222794
"5878_3",0.06968032906966112
"6708_4",0.07577234225598711
"1096_3",0.7424382307622547
"4556_8",0.9477527811277144
"3667_10",0.913781889683398
"9565_3",0.05416321950014984
"4737_9",0.9461281939057408
"12134_1",0.07075908701887212
"9413_7",0.9214837508723961
"1002_9",0.9768495439628083
"4889_4",0.9580057060509853
"3453_1",0.05126101245036968
"2763_2",0.040903638264907005
"8248_8",0.8720385532036488
"1881_1",0.20278277629616087
"3528_10",0.9511868751437678
"3630_1",0.07133524102574036
"11390_10",0.9883559051590515
"3991_8",0.7977190787206954
"7650_8",0.27023482857105985
"4527_8",0.980584392027146
"10307_2",0.9414145642416163
"8872_4",0.062178725710255595
"1741_10",0.14449477149739104
"12170_9",0.7877165826714129
"11196_4",0.039336588267970665
"5524_10",0.8686591460497425
"1926_3",0.04227320511684109
"1279_8",0.9192981507891859
"1444_8",0.837495628387436
"8975_8",0.7740735819437625
"7157_10",0.9906714808621494
"11973_2",0.05020958971959336
"7022_1",0.7432345825758933
"6939_10",0.14147603682518747
"6732_9",0.882045153634489
"3689_1",0.03603159986330719
"10228_1",0.03592641826644191
"6314_3",0.16164436720073583
"4285_8",0.9829697513460213
"10086_10",0.6933535215071658
"9899_1",0.036391568579272456
"7556_10",0.9868462550987368
"12299_3",0.05311218592058438
"11872_3",0.03476869035209806
"4257_1",0.08628273210379137
"3028_7",0.07494903440395234
"2545_10",0.9879281278361431
"8036_4",0.04028212547076988
"5948_2",0.05798228984838474
"12113_1",0.03768275759857767
"1738_4",0.05121430995586277
"9808_10",0.9556276234496275
"2629_4",0.043594975299968336
"12003_9",0.14799771240359952
"6725_8",0.9797791753211071
"5383_8",0.9897206879036694
"12097_1",0.04129422998895417
"11402_9",0.9893866002113605
"3877_3",0.08732259050669852
"3765_4",0.12326775180065574
"11431_7",0.9899579120615508
"7419_3",0.03865513507864886
"9844_8",0.9552232560782914
"9753_1",0.04297414610439042
"12377_1",0.7756320737247221
"2775_10",0.10705613156099421
"11106_1",0.03662411395104563
"10015_8",0.9258761975488502
"9473_9",0.9731903271634702
"3633_9",0.9864891144700297
"9022_8",0.987866308719362
"608_1",0.03557904485403792
"10724_1",0.03564507685750594
"1059_10",0.9851000901065352
"8413_3",0.03613060497663931
"2013_1",0.037139366636800154
"2814_10",0.8090515324040242
"9166_4",0.0724335267031744
"6566_7",0.1631892823992135
"9352_10",0.8327180298863888
"8123_1",0.24840303721200566
"10825_3",0.03602268328729201
"3735_8",0.9896141075457157
"7595_2",0.03686524986459628
"4946_1",0.03940272657805871
"8327_9",0.9899060634791996
"5140_2",0.04151278562479936
"10986_1",0.05662330152348712
"7385_8",0.12275648094190894
"3722_1",0.03460458498372066
"9799_2",0.034505758439372425
"1288_8",0.9625872358600804
"8089_1",0.22858628437695294
"11279_4",0.8982177319229108
"4845_10",0.9892457714690628
"8354_8",0.9823369513592606
"1373_10",0.07418222376472301
"5431_7",0.9729350856465775
"1245_2",0.03884469786273033
"11429_7",0.974983189325593
"11606_4",0.817791134435697
"4192_10",0.11945518939540593
"3443_1",0.04976845248264472
"4957_2",0.16721745401181573
"4971_8",0.9843192855687143
"913_1",0.11511474972716856
"10311_10",0.9713948157296091
"10558_9",0.9687866479420817
"304_10",0.9814805736279499
"7499_9",0.8950290717106117
"6529_10",0.9785261030008454
"2069_10",0.9905224463118143
"1366_10",0.9813884719104993
"10303_3",0.036277871874406495
"4476_8",0.961556913564807
"8032_10",0.9854850747054871
"8392_8",0.9850589261593646
"10158_9",0.9886327254421252
"10886_7",0.9828957392188827
"1789_2",0.06125235197438546
"3113_1",0.04207163051009493
"7713_1",0.03409506920252683
"2685_10",0.9900406548402585
"9760_10",0.9814831456599238
"12401_10",0.9498835403630785
"2489_10",0.935329329552895
"6382_1",0.0432834636987443
"2352_2",0.038073950942663914
"9440_1",0.03577256115053387
"10695_10",0.8635559596952898
"7297_8",0.21953193969226126
"11703_4",0.10053286316564523
"4733_1",0.039244971873534734
"1769_4",0.1295664210301017
"12219_7",0.9080769983893326
"1725_1",0.040936657535485574
"1711_8",0.8576320299513098
"7466_8",0.9884057090881726
"6987_10",0.9357497417127218
"12351_1",0.03421585390587809
"4929_10",0.9908504305392631
"10281_4",0.04076914169573317
"11555_7",0.9195441826683317
"2075_9",0.9644419044018642
"755_10",0.9076540271828692
"11705_8",0.9438960140240724
"1434_10",0.9789444707866881
"6189_7",0.9371928613600718
"3645_7",0.06135053642850334
"2963_9",0.9910817076443572
"3487_9",0.9715609657525267
"6368_7",0.8915629571755453
"2240_1",0.9122829408382611
"10126_9",0.9843211195220269
"5366_1",0.042689317864022434
"8058_10",0.965125918738836
"10746_8",0.9243431300741612
"4852_3",0.041365344097963816
"5371_7",0.9068697224898521
"303_2",0.12812238909128618
"7169_4",0.8563384478329282
"4284_3",0.16308914543752034
"7539_2",0.0368754958135287
"11410_1",0.8949739054731635
"4710_2",0.07224517604278274
"7660_1",0.0808271778243761
"10378_8",0.2172551631036899
"10580_10",0.9726068157331638
"4295_1",0.041008835149538445
"4433_1",0.038309450348879046
"6959_9",0.9882361348329199
"6769_4",0.8778966517267303
"11996_1",0.023621176879855158
"10341_7",0.9617700816517434
"2337_1",0.04743951767756478
"11119_8",0.9890572765247942
"4228_2",0.039294466542289616
"3680_1",0.034553425590643394
"11256_1",0.0358985901124778
"1884_7",0.9091790105849761
"4750_8",0.9357782047147616
"4890_3",0.9719055713729808
"7159_10",0.959520681883008
"10622_1",0.03973121920261404
"11753_1",0.07997833850317478
"8352_10",0.989762333780194
"2188_9",0.9861132598230795
"6913_9",0.9875658756587462
"9193_1",0.035318838381659244
"9572_4",0.8285155185861062
"5136_2",0.0637597780459459
"4799_2",0.03763625317939963
"5045_8",0.9892748370850037
"9538_1",0.03749485926736071
"1565_4",0.11054291843435621
"12134_7",0.9706390564242667
"1437_8",0.8779354335473152
"5319_9",0.9893985545004689
"3709_10",0.987577680155562
"2642_8",0.9844648480049316
"11143_9",0.980433573739619
"864_10",0.9556227991828425
"9283_3",0.04135243402378792
"5089_9",0.9331515082165878
"9917_10",0.8848861645888306
"3800_7",0.95254972381962
"6074_7",0.9686115693668057
"6433_7",0.9902523640993461
"6715_1",0.03626791563501548
"594_1",0.025913053938439935
"2469_1",0.0392292425952848
"3155_1",0.8262368177178994
"7458_10",0.8663927224745861
"2020_1",0.036693461280809594
"6921_8",0.9339513544781869
"9662_7",0.9848192641780322
"9567_7",0.9701442412540511
"5187_1",0.04898046915628606
"6831_4",0.04644550434363096
"7829_4",0.23259315544755127
"3868_3",0.05000390826195582
"2224_10",0.9509562149005123
"12015_1",0.04001549598764363
"841_1",0.041060706461488086
"224_3",0.0418111241458603
"4805_9",0.9755094346771026
"7513_2",0.03882114518984943
"7065_3",0.0365855216153349
"6192_3",0.1482409129310802
"6075_10",0.9630975793360482
"10611_7",0.9909715587001907
"10471_10",0.9835559353237276
"4198_10",0.1651198045195141
"10756_7",0.2689699235490477
"11960_1",0.04254692235775291
"2885_9",0.9847195783510699
"6837_3",0.036062514886194635
"1917_2",0.09543318535988352
"7143_3",0.04288894183645174
"1762_10",0.9266363746660122
"12066_10",0.9936380263409403
"8410_7",0.8723143133328488
"10729_4",0.1405048708085653
"6967_3",0.2065043834088967
"734_7",0.942055148604138
"1524_10",0.9870165997890746
"2479_9",0.2108835510894958
"130_4",0.034582957570295274
"201_9",0.9730029970262902
"6157_9",0.9620181699579836
"9362_2",0.03934896984451029
"3858_10",0.9355670467467097
"9895_10",0.9894352185997309
"9953_3",0.0365926661041121
"4667_7",0.8814968499590247
"1951_1",0.029795798911536907
"8724_8",0.9827470756759213
"2886_7",0.9039642533770068
"7491_10",0.9834079098193795
"10403_4",0.09065674372300841
"7362_10",0.8437339931914947
"9466_9",0.9739138581594073
"9079_7",0.9474517686839036
"10171_1",0.039286186273525286
"9511_9",0.8939764209683716
"8775_1",0.05633945500465131
"6462_2",0.1101286888002678
"3129_2",0.044348489595551044
"12461_1",0.034459426502735875
"8541_10",0.9057259971216054
"4241_7",0.17037089014444484
"6533_10",0.9242662613915373
"12131_2",0.1736071807532651
"11577_4",0.0440558944436891
"6063_3",0.03628958891225517
"1760_9",0.9800803838900904
"3396_1",0.0445253623595297
"5385_8",0.9782602118609524
"7212_2",0.03904760894300404
"3522_8",0.1449264650953251
"1397_10",0.08296539699306966
"387_8",0.9874390604512007
"4143_9",0.98987368563031
"9483_2",0.14859110177052892
"3250_10",0.9544191322645142
"8758_4",0.039644682599585666
"7551_10",0.9852490690561395
"2068_1",0.15766429223777229
"9534_9",0.9907222941676512
"11561_8",0.9859748659554333
"3083_2",0.04399393265355329
"2973_1",0.15498801323172073
"6574_10",0.9879472635811132
"5442_2",0.0415349601084208
"6343_3",0.13697729963704444
"6723_1",0.0347692855499357
"6252_8",0.8554800099384029
"8465_1",0.03671757856074215
"1906_7",0.042523800720955324
"7492_7",0.9306723265812248
"5508_7",0.21272175006899222
"5936_8",0.9852000469419308
"5086_8",0.9847192645522735
"2134_7",0.9304670791561284
"8301_4",0.13165898307797325
"8423_2",0.040952404381563313
"6241_10",0.9906635204811655
"8550_4",0.8971704552745647
"3330_10",0.8976409893469677
"8825_8",0.9883415392397042
"8030_1",0.035276734236740416
"4884_4",0.05688212844710344
"8391_9",0.9033801305204581
"9776_1",0.04021358560936881
"1389_7",0.8039743054078008
"12224_4",0.1426446769637731
"2162_7",0.9839950456480038
"8490_10",0.9877472535381098
"12003_4",0.03881247043273999
"11043_3",0.04322749508683817
"7266_2",0.038504402780907894
"4480_10",0.9209909653215822
"11954_9",0.9479204988551192
"3280_2",0.14482992120640967
"8084_2",0.03722822482446768
"3913_4",0.07788903294477849
"7353_10",0.9780018163247721
"3161_10",0.9678839077214948
"3941_1",0.06440646940176864
"7992_9",0.9898365824950316
"10742_10",0.9890187639994474
"69_10",0.981939704988088
"10415_3",0.8806827074959102
"4818_10",0.9785546465266645
"5563_10",0.7471178915765893
"7018_10",0.9843052937950181
"8873_4",0.040012178092170156
"10593_3",0.04490642932042871
"12251_3",0.05836233962379632
"731_4",0.04907274534493253
"1195_10",0.9849613568275644
"7337_1",0.0457025355348079
"2448_7",0.9814304316092182
"4444_2",0.8161388149098494
"9223_2",0.0398368873337085
"463_8",0.9780716260165232
"4335_4",0.04390280396451736
"9635_8",0.20728105044301998
"8738_4",0.4266415501998795
"6724_1",0.03501048461271151
"5504_1",0.03410483629231382
"10185_1",0.11387345948390293
"901_9",0.988505382924671
"10452_8",0.990800290699461
"8289_10",0.9790622620213646
"10112_1",0.03625521173958792
"9950_8",0.9848720313615692
"8644_4",0.05330285919358466
"11534_7",0.8204254444029923
"5708_4",0.03610984180460789
"6781_1",0.03870159600634645
"3582_10",0.9705335356486656
"4591_7",0.13844345001189434
"3327_1",0.0527977386958483
"9536_9",0.9907185259709902
"3047_2",0.03751034551459602
"2830_9",0.9672158610953325
"4300_1",0.04096830799082427
"4160_4",0.26043540217978417
"11783_10",0.9530915639241401
"6029_9",0.9297256897739075
"6907_2",0.03931873788019927
"691_2",0.03774639336551034
"585_1",0.8570730843564891
"11182_3",0.8584412401993445
"10433_2",0.03609695684336776
"11201_2",0.0378900784193407
"588_7",0.9611479889440907
"2522_10",0.9382359665783886
"7002_2",0.03668966403953284
"2059_10",0.9831574293534774
"4925_10",0.9683850772974119
"7791_9",0.9903569485163557
"6392_10",0.9862419419526842
"3305_7",0.9783386896206262
"11951_10",0.9289868154953168
"12167_1",0.034402095105146406
"5814_10",0.9735136296110649
"2590_10",0.9480447769234959
"10571_3",0.04991906486339823
"5452_4",0.052110577186698974
"6480_10",0.783367065168653
"11050_8",0.988709137655745
"11523_3",0.273215043461306
"6556_8",0.9652576526686641
"597_9",0.9830353263589169
"4049_3",0.06745551922361734
"6652_8",0.9906129389420263
"5591_4",0.05130130580146883
"12295_1",0.03770873429228259
"11478_10",0.95773683161122
"6436_1",0.05071027104242689
"2487_2",0.12241288594909898
"7520_7",0.9785130789268245
"5203_9",0.9880613471065989
"6162_10",0.9909012944578396
"3840_4",0.04318350783293011
"7471_10",0.9894595290659497
"5021_1",0.0346210364703924
"5593_10",0.9842745766639003
"7489_10",0.7987569932720974
"1208_10",0.7770009965457662
"11983_10",0.9905802592134462
"23_4",0.059705048569734354
"3622_7",0.05485500630256865
"7821_1",0.03469026157138052
"9726_3",0.039769974550602064
"2890_10",0.9908162375726209
"11695_4",0.07730977201542164
"3751_10",0.9904860500029915
"5136_8",0.9822930651902899
"8730_7",0.9639884220349133
"4341_7",0.0515616189335555
"9148_3",0.03530725742791321
"6385_3",0.03879069547991549
"8560_8",0.8371858843496228
"766_2",0.04291302074342419
"8847_10",0.9500815931669132
"7455_1",0.03615880476145541
"3187_8",0.898264970261418
"9683_1",0.03989053792636583
"7744_10",0.9739907212682646
"11136_10",0.9858039139255484
"214_1",0.03844464697252678
"2105_9",0.9851670811664632
"1265_10",0.951097594344954
"9122_2",0.19560519510798052
"9296_10",0.9867240357995255
"8107_2",0.042691244194144724
"8134_2",0.034635492767787567
"3788_10",0.9578917198116729
"2429_10",0.9774321248229678
"8567_1",0.03630967620419344
"7400_10",0.9198646185451866
"1789_7",0.8147964099169557
"11098_2",0.03881534130723203
"918_10",0.1139264065876839
"3389_10",0.9699604087071467
"3754_1",0.06524445771488488
"8807_9",0.9038078347989378
"7900_9",0.9890211877925352
"6541_1",0.03627692404945737
"981_1",0.04002719119727032
"2142_9",0.980734160119761
"1639_1",0.034693641091963816
"4162_1",0.03832907586218088
"2476_10",0.981612009836347
"9941_4",0.14071128892651352
"4020_3",0.057343713800106444
"6823_4",0.06110467620744405
"6236_2",0.04151594777343821
"7793_4",0.05933309335011969
"7431_9",0.9948406060979563
"6864_7",0.06723300630939151
"184_9",0.9715772607297883
"735_7",0.8711262951732828
"1673_8",0.9865419799996495
"6209_1",0.03783006447187851
"4167_10",0.9778168758895456
"7854_1",0.0492492949073678
"6281_7",0.9663344612267017
"3045_1",0.03404473589315316
"598_9",0.9724926788025956
"5411_10",0.9760086822406054
"3781_4",0.04078787070896212
"10627_2",0.03692564819183974
"11283_2",0.10588119380124078
"4594_8",0.9051322451258395
"12424_7",0.928868880455294
"6705_8",0.19711247236081256
"5274_8",0.13283848753525734
"2107_7",0.10712458740682407
"10685_7",0.9106854507882441
"1992_10",0.9571434744339726
"6711_1",0.03476972367284815
"1899_10",0.9782978562471503
"6307_9",0.9763082091216098
"5702_10",0.9856547155748904
"6865_7",0.9764791131069146
"5047_10",0.812113941477359
"2762_8",0.901726565395614
"2830_4",0.21283749201556562
"9305_7",0.9855599637612512
"4358_1",0.061719840433649774
"7558_10",0.9875790225845946
"8607_10",0.8361224256362157
"4599_9",0.9710927739971407
"5267_4",0.048289048922596896
"5667_10",0.9746598520732318
"10108_8",0.9868847536765487
"8432_3",0.04264686344606578
"845_2",0.0626886915587878
"552_2",0.30745417949890896
"169_7",0.954418500839989
"12311_1",0.05078415445229633
"5884_3",0.13228846201017863
"2938_4",0.06258724086625296
"11378_7",0.8982851520722024
"7337_10",0.9852283078852171
"4378_7",0.989354422829006
"4660_10",0.9883734169060844
"2461_4",0.06877810383172452
"7011_10",0.9901778301677947
"9907_2",0.037506378792936404
"6134_2",0.03571590931650314
"1548_1",0.1285079306894246
"157_3",0.05403504189630079
"2189_2",0.04093480875631706
"9021_3",0.7929473813218295
"7699_1",0.0358332276787725
"9298_1",0.03491368315960504
"539_3",0.17848785845957613
"10243_2",0.035255324712306996
"8659_9",0.9753867157157604
"10748_8",0.8361717165742738
"6757_4",0.04075007012911724
"7196_8",0.9649612906485384
"2579_9",0.9872509881637128
"5896_10",0.9870992560719594
"2308_9",0.9540149680143903
"12318_1",0.06987733324805029
"12244_4",0.03976210015649748
"10131_7",0.9879895934705062
"3608_4",0.04598536420769475
"10891_10",0.9905670650699724
"10517_10",0.9883773156032336
"2180_8",0.965915895863918
"2498_7",0.9845031436106547
"3382_1",0.034453786930567845
"12196_4",0.08847487384871841
"7079_3",0.054969368754632625
"562_8",0.06306905358803568
"984_3",0.12664154716381437
"7756_10",0.9856954619655373
"11553_1",0.06822405002002763
"1880_4",0.14029238220026027
"9842_7",0.9781987678657673
"795_3",0.036452304701214855
"11707_10",0.8982808439768974
"8457_9",0.9230825813365181
"2483_4",0.05230875294614351
"4903_3",0.040905078452598005
"12223_2",0.038209485766160636
"8418_2",0.03994865976799572
"6194_10",0.9910170643117048
"3214_10",0.987259787463139
"12208_3",0.04160924434498725
"7001_10",0.9024143626700117
"8533_8",0.978254897359486
"8236_4",0.03975491336187414
"2867_1",0.04028656848707154
"7876_9",0.9174657268953373
"9640_8",0.8018778519901624
"11866_3",0.061663882712694885
"4262_4",0.06555121709197775
"5711_4",0.8310585500933096
"214_9",0.9649307421556392
"9641_4",0.04527671434425117
"9086_9",0.990141379966383
"12088_2",0.035938667204625116
"76_8",0.9911574317858081
"1537_10",0.9586097630503801
"10510_2",0.034300583102596004
"778_1",0.0383827745135148
"458_9",0.8401428760153389
"12472_1",0.035012983907201575
"7914_1",0.1673568377830399
"8595_10",0.9902787175534543
"7741_4",0.03723797960053542
"9056_4",0.03952040894503459
"538_4",0.15458361067401327
"12049_4",0.14158992843779689
"9613_8",0.9402031008928535
"7051_4",0.10709277873642603
"2549_7",0.939131930440353
"12139_3",0.04634147853474724
"4006_7",0.8253430622481269
"11662_10",0.9876831738221639
"497_2",0.037693989927486904
"5556_2",0.04903377665698612
"8287_10",0.9821873368589347
"4712_9",0.9850253891408569
"8237_1",0.036449750113017584
"4466_9",0.9894205928643611
"4141_1",0.04169440829036625
"3303_10",0.9771974215345491
"5384_2",0.03571229705208013
"8494_1",0.042684260658521746
"5127_2",0.06094350804186967
"6961_9",0.961140923559802
"10856_1",0.0367541308054999
"9421_7",0.9829177572384534
"3776_10",0.9749909284961952
"5958_1",0.03895326453549993
"6227_8",0.9713990553837231
"10991_1",0.12015170495358718
"7996_10",0.9909297394963666
"12372_9",0.9874445684772859
"1460_2",0.851235953998972
"10183_1",0.034395255796739535
"2829_4",0.03641746860680264
"9797_4",0.04687494543067152
"2988_3",0.0349782605375039
"3974_3",0.08049905073188687
"11419_4",0.039294697338676784
"11472_7",0.8951083172054696
"8489_7",0.9745707179948375
"11938_4",0.05724848080214759
"1057_8",0.9727355030728764
"7213_1",0.053146114412971526
"2615_10",0.9223486167113312
"3101_1",0.0387473907719369
"7553_1",0.0365040685689529
"10258_1",0.03695785661554618
"8551_10",0.986741344096262
"11233_4",0.043353920273545746
"2996_4",0.24091136583967634
"8670_3",0.7609675192992567
"10586_9",0.9608359674159457
"501_10",0.9655672035485783
"11398_9",0.9847821048931648
"9223_8",0.979720149337743
"5432_9",0.9745945984383976
"7517_10",0.8623205278616499
"11616_7",0.9416521479961049
"5055_2",0.03917622115543776
"9285_1",0.03954587393217791
"5175_1",0.04317605374304361
"872_1",0.037422822486168704
"8890_7",0.8122928855497247
"178_2",0.03577234852565477
"10660_4",0.03684408807707782
"11461_4",0.06916194437806059
"9461_8",0.9639073286269129
"3992_3",0.03899398540906879
"1173_1",0.033595942028829616
"8261_10",0.9326494234374673
"10007_4",0.04304551980851219
"10751_10",0.9471756581725806
"5021_8",0.9745334925697574
"10553_7",0.9817394898175102
"12464_8",0.9920246644976397
"8616_8",0.8944281359739351
"9697_1",0.041325806435659924
"2800_1",0.03994303453550109
"521_1",0.03428701221939352
"7535_10",0.9179151084527468
"4352_9",0.9472088814235473
"2246_10",0.8682427544077859
"7039_4",0.14825345116936486
"10344_4",0.06533739163647471
"12195_10",0.9801746506086214
"3671_4",0.9543780719067968
"1767_2",0.05600658884459832
"6536_1",0.039373425468856076
"8951_1",0.06822253797908445
"12462_9",0.9906231626412759
"8489_2",0.03450907423079496
"11884_10",0.9896501054252758
"8602_1",0.037855685526988966
"9229_1",0.047616104769716644
"10611_3",0.03954317960281109
"6764_4",0.8538844472071058
"2612_1",0.059908018351625764
"213_3",0.1352554938432286
"1987_2",0.04684665506014195
"3082_9",0.9908896475497474
"10504_7",0.8177105169001563
"8862_9",0.9908700416478616
"5512_10",0.8555586088832582
"3198_10",0.9828930276972735
"11521_1",0.03476073780720612
"9841_8",0.8976946953745741
"1781_10",0.8582921937853093
"8389_1",0.040987124003114835
"10225_1",0.04062978822902316
"1403_4",0.06116274939850651
"3792_8",0.9493828669218024
"4361_9",0.9786054190647471
"6579_7",0.9254600703029915
"3891_2",0.03946059424433096
"10782_8",0.7845516903222837
"12290_2",0.038514340468471076
"1710_1",0.06362633039233384
"5507_7",0.8221547869472712
"10523_1",0.04909811403122363
"6722_10",0.2546473340197355
"3401_10",0.985571805494564
"8079_1",0.037978141067389413
"5650_10",0.9690682202662589
"1843_4",0.11110846597883058
"8228_7",0.7564923061749002
"1138_8",0.9705649384605215
"7943_9",0.041465658263197765
"2219_4",0.03572370485201053
"11675_4",0.1644635498076184
"7748_9",0.9864853811129418
"3859_1",0.03549893971407402
"1497_1",0.04259673362512504
"2115_10",0.972444612248576
"9622_4",0.03662161756443228
"9482_10",0.9905419437230187
"9084_2",0.043716916568591176
"2744_1",0.036022282122118596
"6599_3",0.09572110800157356
"10991_10",0.9604512943232317
"8444_9",0.9804973708970866
"1362_3",0.05393030827232569
"6820_10",0.9788955779276016
"10806_3",0.03885328238131359
"5509_3",0.08205776463879878
"1939_8",0.8983158174241072
"498_1",0.08295727366028058
"12238_10",0.039744464281235944
"4154_4",0.8082030481071877
"11557_1",0.03715412033911495
"6658_7",0.942212939413755
"1183_2",0.03522252988324601
"3764_10",0.7157112707871436
"12421_3",0.0566838057030445
"8166_1",0.05761157470597337
"88_10",0.9779627805697937
"6291_7",0.8742769616729951
"4637_2",0.060889459524422776
"4194_10",0.9606709737491449
"9020_10",0.1908809327319535
"9749_8",0.334880276366441
"3308_1",0.040019950816056714
"2569_9",0.9872944978410013
"9696_8",0.8997955171741296
"8680_1",0.037322923692334524
"10469_3",0.03509144383094727
"6208_1",0.04114942250556027
"9862_3",0.15091332784155265
"7663_10",0.9854215726417035
"811_10",0.9895171107751268
"5452_8",0.9873616147407702
"4347_10",0.9851301544254967
"10922_8",0.9649609726422096
"10466_3",0.036794180569736185
"11650_8",0.9851165600972084
"5126_4",0.16161036130652032
"3454_8",0.9817534340653367
"11021_10",0.9471395801966223
"1160_1",0.03566380023200891
"1948_10",0.9864930787237425
"8741_10",0.9788398653987544
"8996_4",0.8628956873254753
"11572_2",0.053249966975455906
"2183_7",0.6691539542065351
"1779_9",0.8471589900623133
"5466_10",0.9825066510648499
"1756_1",0.0366809962286473
"7777_3",0.041090628103715277
"429_3",0.1078288097659745
"1736_10",0.9825173037759763
"1746_10",0.9886549235519032
"7613_8",0.9909087621045705
"4315_10",0.9639918240049603
"12186_10",0.887220881610347
"4231_8",0.9470466403488523
"659_8",0.9847024677371723
"7739_10",0.9605329367030458
"43_10",0.993150324756148
"2960_4",0.19474449764702448
"11665_4",0.17485902091454125
"4399_9",0.9835414990088457
"6993_8",0.8870941646616843
"6523_10",0.9752778907672035
"7068_1",0.038930226520875515
"3005_1",0.8323581569572869
"10419_8",0.9895286899095367
"3160_2",0.05726199704989805
"1881_10",0.14795813444558964
"5623_10",0.8794601190994651
"2263_10",0.986753633456867
"5736_8",0.9812516201994365
"550_3",0.04605593630955856
"368_4",0.07150755890676679
"9100_10",0.9730175632102469
"930_3",0.08010552553643244
"866_10",0.9796445004891322
"11251_7",0.9597239161711435
"10708_9",0.9571723608757834
"247_2",0.16700659871761203
"4080_10",0.9816532732418983
"2104_10",0.9909476410972557
"8_2",0.07753861458435601
"1485_3",0.03996856070742671
"3133_1",0.1112243445137238
"331_10",0.9840228207453189
"12213_1",0.04393844535826638
"2825_3",0.046953908335016295
"8316_3",0.13097464199426456
"11102_3",0.04405270418076679
"9719_1",0.03556618446978664
"1951_7",0.9783237932343348
"10577_1",0.03457193595555345
"9941_9",0.9911904876626801
"12246_1",0.03581675842470557
"7579_4",0.04738996227051271
"7111_7",0.9755910577546336
"1068_3",0.05449059956417103
"1872_4",0.938810147875997
"834_4",0.2626233387606652
"12088_7",0.8703474634827503
"7785_3",0.038231483848832425
"7364_10",0.9639359405258805
"4441_2",0.0408207702311062
"3957_10",0.9938920443282983
"7789_1",0.04464179271429368
"3296_1",0.04940509908950599
"6656_8",0.7161686942377135
"7366_2",0.040381945466612335
"10579_10",0.9356544529485896
"1292_8",0.9068010011930644
"3172_10",0.9358663867734122
"4948_10",0.9923650908672443
"8690_3",0.03763144839834886
"3279_1",0.035229258519115375
"7221_3",0.0539554306441582
"6376_2",0.03910831229476004
"4901_4",0.04839439309166539
"1591_10",0.9798662979587293
"2905_4",0.03853277180544618
"8656_7",0.8578172620284067
"10100_3",0.8602368852521602
"6918_10",0.9176759235522566
"7105_8",0.09936894868981659
"8220_10",0.9800349401745432
"916_3",0.033044730297195714
"7831_8",0.07690991785620088
"11118_10",0.9921082383569901
"7993_10",0.9795657983175186
"2665_3",0.043159072632594046
"1680_2",0.03919228085552143
"632_8",0.9789096430299264
"5838_10",0.9909142357428269
"4039_9",0.9350685548686826
"309_3",0.0790461351490414
"6715_7",0.17931413431644597
"9130_4",0.1199081034833347
"722_10",0.972854808085775
"9485_3",0.11423354931692027
"5421_9",0.9804894503825826
"2053_4",0.03626779457637251
"8824_4",0.04276082426704239
"906_4",0.13720427386727982
"4325_4",0.09387284425740909
"3131_1",0.09865772790005066
"4732_10",0.7771253554915435
"7628_1",0.06856298207857991
"3903_8",0.8551921072530971
"2781_7",0.9466689056142903
"2530_1",0.050027212984414135
"8740_9",0.8313547791799902
"9456_4",0.04726617426837334
"8705_10",0.9352419193235494
"9894_4",0.048287967700731564
"7573_10",0.9714687984243346
"117_1",0.03538490883198767
"1578_7",0.13599343722043108
"2822_9",0.9739759515300636
"2544_10",0.9729854979453456
"10988_10",0.9778885427638
"9846_3",0.03503722872165864
"6242_3",0.12291689348120657
"5626_3",0.8281398864025205
"4053_9",0.9551360214754645
"10157_8",0.9644747731422729
"10582_2",0.038745767617168685
"11091_1",0.0373842705607378
"10436_8",0.9884646324580065
"3432_8",0.9873686632042225
"3007_3",0.9047968203837802
"11467_4",0.04071220670203566
"9877_8",0.04123604061664066
"4839_1",0.3114145153261727
"2766_3",0.07032940340141747
"11528_9",0.9826243499886923
"4327_1",0.03488936341274796
"8087_10",0.8799915569223554
"3394_10",0.9908248148832093
"4690_4",0.09095947380953386
"11642_8",0.9011847131817368
"2603_1",0.043956915708133766
"9578_8",0.8661628073633848
"8316_10",0.8157234574035025
"8184_9",0.9811660121629097
"9764_10",0.9669508867814669
"3248_2",0.0242018743408858
"5784_3",0.037082026714241524
"3686_1",0.03481375722763434
"10901_10",0.9803964236077102
"606_9",0.9826938740201292
"6887_1",0.047267754964359796
"4240_4",0.20020779091270155
"977_9",0.9497876884712254
"2232_7",0.9219735447143202
"4107_8",0.9535430190829628
"11897_10",0.987936644486343
"10418_8",0.9895726462101775
"5274_1",0.050746006009989235
"5978_10",0.9599040539078886
"6781_7",0.9320577442396994
"6704_10",0.1743529015372528
"8290_4",0.10189547269647231
"9826_8",0.1735879974913569
"10066_1",0.7955271618462576
"1135_1",0.04215755604478787
"6683_9",0.9669390582848738
"9991_8",0.9908695342345022
"1710_10",0.9852110482703963
"4774_2",0.036080570634539774
"3621_2",0.08864009428631259
"9258_1",0.036422745259147654
"12244_8",0.9918422903326022
"401_1",0.036966145651646326
"11869_10",0.9856031522595385
"3092_3",0.11541002576474815
"2910_7",0.9884446944378422
"961_1",0.039873466086288695
"6927_7",0.209399328489936
"4819_2",0.04521955187124617
"658_7",0.9722232716087313
"5477_2",0.047647964944433296
"7766_1",0.14438029644571174
"4159_3",0.042244887010166904
"5010_10",0.9729430483502725
"11093_3",0.038353449818894124
"7287_10",0.9897919108281482
"3462_9",0.9067192189460893
"1652_1",0.056938104603035763
"12077_2",0.16664126718562636
"3798_10",0.9448924004873687
"2696_10",0.9820391802415127
"2803_8",0.9884260998435545
"11941_2",0.038968609844075144
"8090_8",0.8914721080405779
"6994_4",0.04522271302277215
"1242_7",0.962193156173811
"8828_9",0.9553906578475388
"1346_1",0.03454075682937238
"468_1",0.03695056152550607
"3665_4",0.04039530826392268
"4476_4",0.19743981790601284
"6043_9",0.8479167020270884
"5830_3",0.034722458489127216
"3159_10",0.955766238903176
"6975_1",0.07024226071026032
"7338_1",0.03610982641863812
"1424_10",0.9528577857244269
"6487_7",0.9878901055652013
"3023_7",0.824792262894982
"4749_3",0.043673078921772586
"4596_3",0.058881130218105975
"4681_8",0.9879450888825664
"4235_1",0.7667125583648366
"2912_8",0.9777197684894675
"6552_1",0.03807443450621836
"4329_1",0.9054360599795782
"3876_1",0.036738382014373024
"9168_9",0.913429402976615
"8747_10",0.17001612255725157
"11842_10",0.9896448906481708
"5612_10",0.9607284506594201
"10371_8",0.9269230234544902
"4804_7",0.9107124601026917
"4914_7",0.987207702083574
"2520_3",0.08992345471666614
"8053_3",0.04406557971719345
"11302_4",0.036610660560885286
"4766_1",0.9210274355046735
"1820_4",0.04404278841963201
"4668_1",0.0427137043191398
"3521_2",0.0356556663327887
"3467_7",0.9814018837000896
"1885_4",0.0391237807293422
"4206_1",0.7982316136571027
"2774_10",0.9066512055139803
"12060_1",0.038167432681008744
"5664_10",0.9829151339416529
"7078_10",0.96603987240526
"4797_8",0.9400162006752524
"2735_3",0.03625531019349324
"7981_4",0.06515228976904795
"10440_7",0.7562940120890861
"11611_7",0.973891888693397
"5553_1",0.034451755322111116
"12415_2",0.8835680231706051
"10807_3",0.04695875486747399
"5539_1",0.06964200461248532
"9489_10",0.9507623504590644
"11053_10",0.9882374180349197
"7493_10",0.9808257113172569
"10400_4",0.8200585762426099
"9856_10",0.9811258839345125
"6813_10",0.1455463901674161
"679_10",0.9836522968713537
"7502_3",0.03814747233865316
"3842_7",0.9662673318010335
"7800_10",0.9858615465117568
"4253_9",0.9680971069152989
"2103_1",0.03612574880031839
"9581_3",0.843880883531621
"7335_10",0.25175996038343623
"3304_8",0.9742787213432551
"12276_3",0.05668480628479613
"5451_3",0.04851058810844624
"1873_3",0.04918386914238894
"5857_7",0.37689534602715274
"5423_10",0.9865405647971155
"6400_10",0.9760132616744783
"6419_3",0.12199612835936363
"3775_4",0.04578452572434295
"5165_8",0.9052075075861318
"6555_1",0.03507025662352857
"3806_4",0.8203884933874189
"8584_7",0.9533809415939196
"5390_7",0.9037237150804808
"10965_1",0.03771211911004894
"6680_9",0.9899862235342067
"5034_1",0.2564881302371026
"7718_2",0.03702734120750654
"2688_4",0.18577130943703613
"9107_2",0.03791066962808358
"5993_1",0.03509856120444418
"7456_10",0.9867691182102354
"8581_8",0.873723888692565
"8852_3",0.05396136896595729
"4239_10",0.9859898020498401
"9012_10",0.9460443190502802
"6661_9",0.9797193478411929
"6786_10",0.8476685861057697
"12257_3",0.05545630186871075
"8700_8",0.9180493516472754
"8848_8",0.9838418810828584
"11377_4",0.06505676508060548
"4722_2",0.04409804876427906
"8546_9",0.9193490891178224
"3091_4",0.03506227037467422
"4124_7",0.10848319982506631
"10860_10",0.9824723417422961
"2684_10",0.9829257047959784
"4968_10",0.99138757585096
"10785_4",0.04314747514406646
"4871_8",0.9348662180240068
"1064_8",0.9899323503931017
"9452_2",0.03589794776661776
"9965_1",0.03761139374443319
"1358_10",0.9467479142482209
"12094_10",0.9821467389397758
"415_10",0.8176981002738798
"8308_10",0.1342358011571076
"11112_9",0.9548052439593046
"6271_4",0.08026997629858669
"7324_8",0.2592262777126587
"7950_8",0.9847833714765961
"8880_3",0.03996477384945734
"5610_7",0.9742594766381032
"3918_8",0.9799512355565706
"7209_2",0.02840132917679028
"4916_10",0.9659007914215296
"6782_3",0.10501664061984951
"5607_3",0.11410498190343153
"5492_10",0.9869966348444273
"2824_3",0.03679581738062443
"1533_10",0.9460033547794228
"9663_9",0.8251038523267247
"11087_3",0.08535967778891976
"3360_1",0.05317375274855933
"12040_1",0.04343576302773931
"329_10",0.9886466750841266
"4819_7",0.8667310980182307
"11985_8",0.9876611908692517
"6491_4",0.05248196973126456
"7151_10",0.9852170291061482
"6807_10",0.9879733882093706
"3353_10",0.8994319783913092
"3592_10",0.9748485302563603
"928_10",0.9375922117209322
"3100_7",0.970810053195357
"7390_3",0.04038248578776701
"8466_8",0.16430506560287134
"777_10",0.9293760702476793
"10007_10",0.9856384046043201
"7673_1",0.043598611175817814
"8255_1",0.0433350329604082
"3734_8",0.9858693982727694
"6217_10",0.9280420000212216
"2264_1",0.2091914829090434
"7637_7",0.9860209785657602
"3494_3",0.06004069402043488
"1012_1",0.1345062568091262
"9796_2",0.040389423558380017
"444_2",0.03724584552993617
"10968_8",0.9828940229879479
"8328_10",0.9731196372826526
"2417_8",0.9454441858091472
"253_3",0.03663134411141162
"3740_8",0.9906836966824537
"5904_3",0.06347764560292599
"6664_8",0.9827367802031243
"12027_1",0.0249648721429838
"8658_10",0.9824556323653486
"4505_1",0.03787745006126222
"1008_10",0.943545650741612
"7922_3",0.7504081043359582
"655_10",0.975548371128725
"6383_10",0.9696262083309337
"5868_1",0.11388242113314402
"7827_10",0.9775704907040909
"722_3",0.04447823696643157
"3933_4",0.06046534746560411
"1358_3",0.04474832577701824
"8939_8",0.9776390669951899
"9502_10",0.9857100109065484
"4798_9",0.9260998268780466
"7088_3",0.31771171295443107
"9904_3",0.03241967240940875
"11214_2",0.036482727426736285
"11293_8",0.1939290611325942
"11924_10",0.9895323800525471
"6168_8",0.9877831620446311
"4329_10",0.9824908771701488
"10345_3",0.035755530546267456
"5512_3",0.09112319140665562
"1291_1",0.03858866344138991
"7568_3",0.035743900853640646
"2747_4",0.03548129948932022
"7484_1",0.03425993787777003
"3915_2",0.03699960207064665
"8527_4",0.07321184056077407
"4686_10",0.8980870095291538
"6909_1",0.037978683777404806
"10587_10",0.8994397485620232
"9167_8",0.9689579745081853
"4739_4",0.04041601086115601
"6266_4",0.06163906437256092
"6155_10",0.9857399868886366
"11409_9",0.9376224054725163
"3874_7",0.3081246894688229
"7049_3",0.16911488824466533
"11158_2",0.034787667108153765
"5714_10",0.9870663745585768
"11248_1",0.031276194052057255
"8854_3",0.850345459776207
"3191_4",0.0654532111317481
"5537_7",0.9572068474228729
"4919_7",0.9810561475913542
"8109_9",0.9818795174404353
"7476_4",0.13566841369815924
"5890_10",0.9871235224699278
"5837_10",0.9898696697823586
"2623_9",0.9835266284404269
"5033_1",0.09357563568888297
"12055_8",0.9899932189464014
"8420_4",0.10430264098691291
"5854_10",0.9860665921780208
"9631_7",0.9565595354528736
"11705_3",0.037630014591315
"3869_7",0.9386167629322943
"10836_9",0.9520015409147329
"7027_1",0.04332446668025159
"55_4",0.04064507825080316
"11124_8",0.9844372000457638
"3533_3",0.0350350111719037
"1552_10",0.9908980532779288
"11307_1",0.0346633916495875
"11974_7",0.9320485915560626
"7246_3",0.08171978406638927
"10648_3",0.03585434827963072
"11991_10",0.10490849844715569
"10494_8",0.8533065673436979
"8109_1",0.03411296714598893
"4764_1",0.038439651402906304
"3527_1",0.03465679947283445
"4059_9",0.9608220508128691
"3729_4",0.0346372998743854
"5073_4",0.9508564478323951
"4984_9",0.9852857959149659
"2371_10",0.9463242127775284
"9597_10",0.9834164756187962
"10823_9",0.9685042044771213
"3123_10",0.9838493692272771
"2951_10",0.9788239807258434
"9800_1",0.04995745534176305
"1824_3",0.9016392672516872
"6238_2",0.10176369146652804
"8830_9",0.9250358403601426
"12355_8",0.8483687443288874
"4002_10",0.9907610097303797
"405_10",0.9014597054608026
"4314_1",0.12824010108540215
"9201_10",0.9910545556189957
"10466_8",0.8545069168449332
"3736_2",0.05269511928485391
"1641_10",0.9911869970886522
"3381_1",0.05212723719809234
"11711_9",0.9765115947824332
"4970_3",0.5950112189469513
"6958_10",0.9901869361851029
"646_9",0.9887680638334643
"3590_9",0.9863635639838086
"7218_9",0.8929026552221627
"5091_10",0.9911363919551405
"8820_2",0.9476742149044102
"3938_8",0.8142506458811591
"2616_10",0.8499321760487784
"7808_1",0.06020904795450022
"3508_10",0.9642435759389728
"8974_8",0.9494931222845351
"4383_4",0.982947902789494
"6360_4",0.03570373529704539
"2759_8",0.9797011842594114
"7417_1",0.035965536668185236
"10880_1",0.03978047895556931
"5488_2",0.05038910389337198
"8015_9",0.873284052374556
"6484_3",0.03983319203368514
"10117_1",0.03409607875002761
"11363_1",0.035699340068113115
"3334_7",0.9406514212550765
"3369_7",0.9061322282095761
"9609_1",0.04041980453919976
"8396_10",0.9818202640573831
"8267_10",0.830266976890117
"10335_7",0.967287566608273
"1973_4",0.05831960758639125
"7123_10",0.8744433703540553
"6949_9",0.9937912091841284
"10652_4",0.04096118237671889
"10256_4",0.0389098601955644
"4557_9",0.9867562140317194
"8929_1",0.04248595087203571
"2429_1",0.040112229267157566
"3994_1",0.06439852527361163
"11454_7",0.10100290947667864
"11874_4",0.0371407267976211
"4891_3",0.036392643905677265
"2216_7",0.9756233267467459
"2039_4",0.058652843870217464
"505_1",0.03572502829647842
"313_1",0.04467686550416037
"3383_2",0.04058771574587669
"9453_7",0.18625127824387952
"426_9",0.039622041769443825
"311_10",0.9768162122719171
"11291_10",0.9483474298689885
"835_8",0.9567722577771862
"2143_9",0.9502632731565561
"8200_2",0.09279754760234078
"11716_2",0.9797902050561741
"3786_2",0.30185399998008206
"3818_4",0.035751913195975135
"12106_1",0.02685600468828295
"2605_4",0.036196913950714824
"10518_7",0.8682439137441196
"3932_8",0.3292718383279611
"7515_4",0.03527093813774725
"9857_10",0.9801520549243412
"449_3",0.16498105923849835
"3573_9",0.9654260746566186
"10198_8",0.9268152268863479
"2286_9",0.9795863348757484
"6906_3",0.04426439856003089
"3807_2",0.1744005138384334
"11602_8",0.9547807390428061
"10201_7",0.8902773540490599
"8717_8",0.9852740564138438
"10411_10",0.9878816276139661
"11099_3",0.036764246711372156
"5619_10",0.984777715462001
"9252_10",0.9312934793668433
"6097_10",0.9863739812924734
"6467_1",0.0712131596363709
"2757_2",0.038855377153707224
"1869_10",0.9813164737579051
"5192_2",0.0426354103110586
"11399_10",0.9581869231747091
"898_3",0.8326940660939627
"6820_2",0.2430685678187812
"768_2",0.0379634878712653
"1783_10",0.9566664875440868
"8102_9",0.9581652006735695
"7818_2",0.05254570130750504
"2444_10",0.9853394508239098
"3965_4",0.07889228424439124
"7086_4",0.776920684296126
"10556_3",0.03426469407872685
"5221_1",0.03772306746103634
"4322_10",0.9873918634936492
"7371_1",0.04075763502860685
"1318_8",0.9788210008904632
"8142_3",0.08372926392939636
"3413_10",0.9800142293974239
"3845_9",0.9799138407939503
"7323_1",0.04180871790750274
"5273_3",0.037416043385149374
"11812_4",0.9115351171242114
"5737_7",0.8125453429022513
"7260_2",0.07670779762233632
"5018_3",0.03898082134022425
"7779_10",0.9887913566538181
"894_7",0.09791603169151462
"11940_3",0.03943518716452376
"2471_7",0.8303059906390308
"6605_10",0.9603400306187326
"282_10",0.9219183241577367
"12402_3",0.07858334461206126
"7974_1",0.03858213703712032
"12280_7",0.9884821394061198
"10917_2",0.03690265776186419
"12164_1",0.03438026374797752
"3181_1",0.04473337522703941
"11240_1",0.04632295517976813
"11255_9",0.9154235880391334
"2318_2",0.05016081500311839
"4976_7",0.9173359580071839
"1822_8",0.9881767161699672
"11724_7",0.9787878128932346
"3499_3",0.7631715394601137
"9439_9",0.3051525371625601
"5469_10",0.9875358672105257
"7612_9",0.988421264527158
"3947_8",0.8627345752082852
"11269_1",0.03762682420619017
"5771_8",0.9766175169738969
"4461_8",0.9869394915021683
"5683_9",0.9900974085751684
"639_1",0.03551697361493223
"9896_3",0.19438401900048308
"5131_8",0.9099597199649889
"5961_3",0.04612438597684244
"5741_2",0.0363081530368367
"6418_4",0.9764470493724012
"5416_1",0.03478217495498055
"3114_7",0.9770221171986466
"3587_3",0.038296317426141556
"5472_10",0.9890199619099287
"9802_9",0.9138872695536171
"4313_3",0.22997805868864987
"2921_7",0.978401889382569
"11468_8",0.9323293335336837
"12250_10",0.9509887365016036
"3481_10",0.9642371297761628
"2067_2",0.03435536412764363
"8574_4",0.040947616475327166
"861_9",0.8586520240036861
"10381_2",0.03499324352770465
"5479_1",0.9579748828347333
"1107_9",0.987535296279707
"4475_1",0.034057069721612106
"469_2",0.05150638687127221
"605_4",0.8958552869219741
"2182_1",0.03985955569566303
"9401_7",0.9732861107494528
"2518_8",0.9450772608158757
"5329_8",0.9183794973717037
"3202_1",0.05722750389569405
"256_4",0.9470384652792312
"7235_3",0.04376845724018704
"4661_3",0.9019274248081371
"11045_1",0.038319062893778094
"1417_4",0.0628949948760007
"4186_10",0.8695138919656161
"985_4",0.81003907567521
"6553_1",0.046065753384136786
"3118_1",0.03685333970204243
"3297_1",0.03644805465096945
"5843_10",0.08089435215748117
"7645_7",0.8448643467210375
"11958_1",0.03875298836447611
"10823_3",0.060532630770804695
"5097_4",0.1630934579091082
"4344_10",0.9867442034760097
"5442_8",0.9821557199018478
"11969_10",0.0664108987210015
"7015_10",0.9750649119999893
"1419_4",0.7542199396834435
"914_1",0.04074011977481335
"11911_8",0.17422558169726754
"5930_8",0.9814889664215132
"3853_10",0.920458384240379
"9404_1",0.0509399626012537
"207_9",0.9879775772802202
"2018_1",0.05805690624811689
"11192_7",0.900226293536606
"6679_4",0.041631402671157114
"1184_3",0.03392372903154376
"3291_10",0.9703915887465047
"12323_9",0.9907971284648854
"7524_1",0.03895719884045375
"443_8",0.9893739298719837
"7964_1",0.03721472261015737
"730_1",0.03803065776223422
"8969_7",0.9669144803628942
"8581_3",0.10087914756115308
"12152_4",0.038828726517071845
"4528_10",0.9691537523174425
"5984_2",0.042947609410700895
"4446_10",0.8444573621023773
"7039_8",0.9682545693575634
"591_8",0.9415739357547728
"6869_7",0.9558082553112668
"1836_7",0.8895849654585157
"4183_10",0.9417276137906296
"8590_1",0.0537124977994531
"5647_10",0.07213875280254148
"11076_10",0.9406392138872443
"11241_1",0.10075155861031235
"876_10",0.9899067183759909
"8390_1",0.03660669159815346
"1462_9",0.9853146697225011
"8362_7",0.8571699262348362
"3400_1",0.04343886612492745
"2318_8",0.988816871857348
"5389_4",0.9531253805269956
"8617_4",0.041528185185285706
"9200_10",0.9729242106452695
"8878_10",0.8199625176514509
"12110_1",0.21269290762265075
"9101_10",0.9858193681800753
"4967_3",0.03767949569071355
"12436_1",0.034386426624192876
"8845_4",0.8607824624950882
"3420_4",0.04478306714941131
"7428_7",0.9882422264873205
"11769_10",0.9864326991651824
"7025_1",0.10379256072599985
"1561_10",0.9678428786517341
"3704_1",0.03535310017202509
"3529_8",0.9640722921589187
"12234_4",0.07868817713987758
"10600_3",0.03847791486465443
"1028_4",0.09451865502521949
"6764_10",0.9862664911706895
"1815_2",0.05038276665122722
"10953_4",0.03629458301840001
"2809_7",0.7985879124681502
"8393_10",0.9839418152730411
"2743_1",0.7263423570555618
"10711_10",0.9723457750141695
"6173_10",0.9872557800929836
"9664_7",0.2948048519054992
"6335_3",0.0438145171852214
"1665_4",0.04193661777577508
"4174_10",0.9907300438131856
"2038_1",0.7593738910164676
"3717_10",0.9381457966871392
"9361_10",0.9846346348742754
"415_1",0.044148211325960356
"1460_9",0.9902630664345955
"5915_4",0.13052485803822525
"7187_3",0.04332570416655599
"11050_1",0.03447796997898655
"8822_10",0.9772566616178024
"12407_1",0.035277709243197765
"4543_2",0.03376889120155831
"10560_9",0.9860047347525026
"9108_10",0.9896826723085219
"2999_9",0.1791342501603793
"1703_7",0.9431684722917348
"206_2",0.04007529758126016
"2095_3",0.0358814834342943
"6454_8",0.9775722262086062
"2773_1",0.03268070521496091
"6252_1",0.03454213745857934
"2848_7",0.8264324786371392
"6887_10",0.9911434250777471
"8660_1",0.03464101238420719
"1675_9",0.971409381023641
"9842_1",0.03627674898255607
"9118_10",0.9873564548974267
"5793_4",0.14074188887525702
"941_10",0.9866279437751748
"8832_1",0.0721356539728199
"7584_3",0.037113278896722696
"9746_10",0.9901185589352651
"1965_10",0.9480210936803646
"5346_10",0.9857866847951647
"9738_4",0.06131634863701048
"5905_9",0.9861660083206135
"336_1",0.042102598404012224
"5621_1",0.08914696734013779
"5976_10",0.9775222563240551
"3000_8",0.9082849808513118
"5172_7",0.981522730828871
"311_3",0.036400995790941734
"2035_4",0.10952431831804793
"6084_10",0.9868997303430899
"7284_9",0.8264993423475402
"6449_8",0.9647481043915939
"8671_3",0.04533090477461785
"636_9",0.9561779072626124
"11330_8",0.9856075588502766
"1300_1",0.10641707500801559
"11538_1",0.03713741252028364
"5159_3",0.0403013096325093
"3742_9",0.989052869214423
"11281_9",0.8094889154336863
"4128_1",0.11286081442530835
"4382_7",0.08928726285087928
"862_3",0.042455652923440765
"5941_8",0.9701387143633137
"8576_3",0.15157408221932075
"10570_1",0.03529117377328832
"10682_3",0.2975852112501291
"12497_10",0.8244819917077635
"2026_7",0.9722154808098762
"9657_10",0.9881892875626695
"999_8",0.9723131287497742
"1664_2",0.11467899425147135
"1795_8",0.9234365912754939
"4280_4",0.8730012622835104
"952_10",0.9842763143410421
"4725_7",0.9868012509021501
"8162_2",0.034308459841212856
"10062_9",0.21545784647631366
"4719_10",0.9682104200598587
"10388_4",0.08846261913103333
"6183_9",0.8417649284359077
"3703_8",0.9907149000696517
"11259_4",0.7728013027428408
"8578_8",0.9818317720285461
"12040_9",0.991679934282915
"6500_7",0.9857837634604497
"3473_10",0.9601337233589479
"11784_4",0.12034446324508448
"613_10",0.9865754144713516
"4631_1",0.7703101699698869
"2426_10",0.9795205704134181
"7088_7",0.9829320783774409
"5851_7",0.9674536124227932
"3904_2",0.03461439522795395
"1329_7",0.09720209130198516
"2160_7",0.03991871631656249
"4796_10",0.9852537790085443
"8760_1",0.7128831033216517
"7859_8",0.9531511574977211
"4251_10",0.8912895820636654
"8143_4",0.0362229889683577
"11713_9",0.98209555897751
"5037_10",0.9870772122208679
"9621_7",0.9874203637295249
"2600_10",0.9773387365506623
"2027_1",0.03433553657007432
"8225_1",0.03745844942572252
"12463_10",0.0755219417773284
"7842_8",0.8026374801190839
"4768_2",0.10513762083060572
"2644_1",0.03568396247011855
"4193_7",0.7151658355110248
"5150_7",0.8413562240196378
"5942_7",0.9841295082940285
"8293_1",0.039273974405617675
"6046_10",0.052803422484613026
"12148_9",0.9909663585173663
"966_10",0.8936276333365665
"6428_8",0.9655398299332729
"12465_2",0.03526621146853767
"342_10",0.10064475479777428
"9246_4",0.03415140874319103
"8683_4",0.9175041086982129
"627_7",0.2101359351742531
"5614_4",0.9108346557353277
"4546_3",0.05762452629478236
"4384_1",0.03422717811507553
"3144_1",0.043605494675064915
"9530_10",0.878455939861418
"10558_4",0.03671864486624952
"619_1",0.03555911989931882
"11594_9",0.9877718088574539
"6511_7",0.6851476549909808
"8351_7",0.9898121892691699
"9163_3",0.03809298080977293
"12078_1",0.036998309185268446
"5489_8",0.9515726498202696
"4191_1",0.03868112875052958
"2373_10",0.8997337101840759
"8664_4",0.9119477532480937
"4556_2",0.14320233252426348
"9004_8",0.9638403866426642
"1357_4",0.04190178255529468
"152_10",0.9620185812899482
"2977_1",0.034357700622355
"8812_1",0.036348688696019524
"8544_4",0.04021944532137022
"4821_2",0.05443990391389025
"7874_8",0.8972519736914661
"1689_1",0.07955383269010025
"9654_1",0.037400785489254955
"9363_2",0.0378591990361449
"8959_1",0.03569292868270601
"6113_1",0.07059993157321795
"10702_1",0.06318672653021895
"1839_4",0.04865837977937786
"10587_1",0.05832236807286329
"11715_3",0.9591616140578086
"12252_8",0.9856723186874926
"9480_3",0.03415684714029586
"6438_1",0.2383654165595367
"3762_9",0.982539945998195
"5350_10",0.9734525313562697
"3927_9",0.9708699475207286
"9598_2",0.09653455178832847
"3930_3",0.02914578038773708
"6647_1",0.03462380092020687
"9251_10",0.9798778570389606
"5926_2",0.03780654507411945
"11530_8",0.9589172908132884
"1625_3",0.0945612842004637
"10515_8",0.21385157138126837
"11185_10",0.10776631856033993
"8675_10",0.9882105000609197
"3701_1",0.17357641183076178
"9222_10",0.9607397425061853
"6253_10",0.9157635481785165
"4657_7",0.9797116632137022
"10013_9",0.966508207651303
"4938_10",0.9913139994955109
"3073_10",0.9569191796588561
"9081_8",0.9828437476441765
"6928_8",0.9738506574432299
"217_3",0.03542757618031583
"2927_3",0.07222539185250576
"2379_1",0.07300595187158501
"10476_2",0.88766329583864
"8640_10",0.9870049451698921
"2810_3",0.04936284864508538
"6433_1",0.03692479986009595
"6390_10",0.2507010975213209
"11829_8",0.959649487446403
"7581_10",0.9878600209941516
"11836_3",0.0797740443161022
"2794_1",0.059734850090126745
"5263_1",0.04029478354811125
"1041_10",0.9823954427849945
"7296_1",0.047144250531831945
"10557_8",0.9723907748416467
"5339_9",0.9770529409540102
"4766_8",0.9887850240061693
"8126_3",0.9294326922959255
"9876_2",0.034173138474082126
"2443_4",0.03898129744938956
"10179_10",0.8944264348647037
"6211_3",0.03768110116948984
"925_10",0.9778998768320644
"5050_8",0.9889316057873783
"1891_10",0.987370002165873
"4767_3",0.06049385616063767
"11625_10",0.9898696553031043
"3388_2",0.03653859171887521
"4908_3",0.04805576078966348
"11205_9",0.9811642630733058
"2228_10",0.9751249512314981
"11236_1",0.2701520481044959
"2367_10",0.9799818884026656
"5060_3",0.03772008631307318
"3292_1",0.05566841995359899
"11282_2",0.14328148685745967
"5307_10",0.9910542115052402
"6963_4",0.03557724517286661
"1319_10",0.9906758294274556
"9660_1",0.04240672657395065
"7254_9",0.9908263802483606
"9441_10",0.9729882851790278
"3838_4",0.07106641702806928
"6209_8",0.9704327396996627
"3049_9",0.9752909974597366
"3033_4",0.9000764695719856
"784_4",0.034090629518169
"3921_3",0.03554485561296692
"9196_8",0.936548641737148
"7652_3",0.9719913514955296
"11650_1",0.038367027657969344
"1548_10",0.74992541328774
"10770_7",0.984737012564791
"3283_9",0.9765338529903622
"1567_1",0.7507346129850024
"10405_4",0.14933585633572194
"6980_1",0.039310426629207876
"12218_4",0.7875417208121774
"5250_10",0.9910809134074873
"11977_10",0.9784847923912479
"10602_2",0.04235323577059634
"11178_10",0.9287932864104447
"9590_10",0.9843928297499488
"1260_10",0.9787656815647179
"8367_10",0.9516464858013649
"2571_7",0.9274312346453095
"7422_1",0.03424476687647381
"5486_7",0.9637182782705129
"2282_8",0.9748804846085013
"6119_2",0.04099036176553512
"1433_8",0.986507781589189
"12365_4",0.06823114492047866
"10535_3",0.1529877823190912
"5464_1",0.08508473900018315
"9983_7",0.9835648618112416
"10209_7",0.09807906498680372
"3777_1",0.28614121429270517
"12443_10",0.9777399799964386
"1488_4",0.8814838537856426
"8670_9",0.9832729872669306
"1258_10",0.9731642942191031
"9_7",0.9313851515443821
"12175_9",0.9667685614332779
"211_10",0.984443451216965
"6329_7",0.9270472279166154
"8866_10",0.9839545055937831
"5911_9",0.9851697881760245
"6100_1",0.04208248934410481
"6342_9",0.9642698609945914
"5455_4",0.10503289052221515
"1215_1",0.043542373896776135
"11020_3",0.05365655146768396
"7975_1",0.07305008006943978
"6720_2",0.037451661233576856
"8986_10",0.9895150245454256
"4874_9",0.9635699804549074
"7204_1",0.03599363782600369
"2612_10",0.9841272634353884
"6923_9",0.9888547644954923
"5742_10",0.8263324265364925
"5044_3",0.03466297627228694
"5013_9",0.9290017732623594
"9752_8",0.9885220419588898
"1112_8",0.9907832329733195
"10925_8",0.9836719462624167
"7012_4",0.04055357028003128
"11484_10",0.9838875747333737
"883_4",0.7934873613069314
"2398_10",0.9910332757314467
"8990_8",0.12216295128707122
"1194_10",0.9703243294196263
"2313_1",0.15190957906258967
"9584_1",0.03752475868352957
"11638_10",0.9862937559787678
"5995_3",0.7244866782641282
"4456_10",0.9909621570150875
"321_1",0.1343426927994897
"7147_1",0.16133945805104039
"10212_4",0.038853031334231194
"7960_10",0.9775544542996065
"8022_7",0.9164794830149696
"11649_9",0.9709951481220485
"8442_8",0.9762355647771672
"8976_1",0.03961665083856181
"9199_10",0.9619567256073284
"8925_10",0.9913891728795254
"3079_2",0.03433257552689302
"7727_10",0.9881630277258239
"2338_1",0.2150909332189917
"3221_2",0.03176417748926774
"288_7",0.1590372169714938
"7150_10",0.9474849318568587
"7520_1",0.03894465672868464
"11477_10",0.9577803108009032
"7765_9",0.9878521987917146
"10062_4",0.04696493943064697
"10616_10",0.9706672689822916
"10592_8",0.8753720890517833
"6745_4",0.13799378630830647
"7912_2",0.0531197429916713
"1130_8",0.9646202989171062
"11096_4",0.04666837740163353
"10081_1",0.042238346617402264
"3808_10",0.9470537843882361
"394_4",0.040107779814662015
"7080_3",0.0409667510506909
"4479_10",0.9831585524060996
"11417_7",0.8587819211717355
"8402_3",0.14405249904034806
"6669_9",0.8843970497411431
"1494_10",0.9841588960036175
"7980_3",0.040562761304616196
"11366_10",0.9682423611501361
"7566_1",0.03878550884333471
"3778_1",0.048493275814376215
"317_2",0.039821749006380136
"8475_7",0.9735570286907421
"11012_2",0.14621696341501872
"11936_4",0.047580919601314164
"145_9",0.2628813595810494
"11427_1",0.03717469232792216
"2204_1",0.03893477872671798
"3373_8",0.7834729710690782
"4640_4",0.9714361527624693
"521_7",0.1662048902059278
"2871_2",0.8226403953907133
"9823_8",0.8098894679826054
"5893_1",0.053545347662648304
"8541_2",0.03736610698896357
"3403_3",0.03999813973255689
"8660_9",0.9354086912717838
"7046_3",0.03559011522756702
"338_1",0.03521496797492623
"9541_1",0.037797985151235614
"12179_7",0.9333254617063297
"9663_3",0.13889447101097127
"6948_3",0.060969044684819514
"10308_10",0.9283564173984584
"11027_10",0.9810533125771584
"6174_3",0.03756819176218937
"10151_8",0.9318896533842244
"10665_1",0.044226425919378524
"6453_2",0.043015735173644626
"3619_2",0.026103346346045643
"3114_1",0.038865601060203196
"1309_2",0.04221485398662652
"8468_1",0.12915663659911109
"8292_10",0.9879267824214254
"1955_1",0.040227394842613264
"4498_9",0.9888248620718694
"8075_9",0.9828082781417784
"10528_8",0.9682096285229529
"253_10",0.988968518037972
"9467_4",0.1401584782008376
"4018_10",0.9857221363324369
"2644_10",0.9835563711967311
"7240_7",0.9829416468329675
"10929_7",0.8950665030240976
"9743_10",0.9737789140113764
"4641_3",0.04377666221269262
"5711_10",0.8870189159397144
"4912_2",0.047075419771847246
"455_1",0.21935444693068729
"2749_8",0.9221920798402722
"8780_8",0.7987535035205395
"2626_10",0.986131581397133
"11745_2",0.0373041290392361
"6952_8",0.9781227258781371
"4645_2",0.03616159541067235
"10372_10",0.9894704511111531
"4282_2",0.171376927335814
"2195_1",0.03510546069715722
"11058_3",0.05151253363226927
"9507_4",0.07401033598613307
"389_10",0.9861619504470118
"4388_10",0.9003658963564385
"9540_1",0.03600390826852229
"6610_4",0.9169976444166115
"8796_10",0.9668836026397316
"3746_1",0.03495131651969943
"11083_1",0.034897329996326366
"9901_1",0.03890056638130543
"4165_1",0.041662494024248216
"8928_9",0.9873946271574777
"8173_10",0.9876985695779915
"5161_1",0.03532473652725011
"11458_4",0.03849703791423515
"11206_9",0.044445574587105706
"3532_7",0.9552269864047729
"5088_1",0.04608500549278486
"11699_8",0.09471469049808325
"10114_2",0.036838471193490596
"8626_9",0.7622797833229485
"6702_2",0.04462711633752721
"3504_1",0.03613678215941459
"3353_4",0.14472956675511872
"6960_10",0.9723311453163775
"5529_10",0.984271935793567
"5510_9",0.8408206662096136
"1868_10",0.921607536383166
"11166_10",0.9685554872873303
"8411_2",0.04155475180253821
"9561_10",0.8910798020490946
"11290_2",0.10342263830680351
"1167_4",0.051894302780845045
"9577_3",0.07072476600068767
"1496_10",0.9914243548188207
"3042_10",0.96996012668808
"4021_4",0.03923593166235232
"6643_10",0.9351634852332492
"806_10",0.9767887549758447
"1520_2",0.05537411284043103
"11133_10",0.96063015029393
"2783_1",0.03805316237532414
"9570_10",0.987054721900799
"2349_3",0.038779574389471126
"2242_9",0.7510710016737095
"6113_10",0.9824072598331409
"2153_1",0.0906539914090668
"9167_3",0.2859338989606226
"156_3",0.07141223920647845
"10607_7",0.932459127221207
"4270_4",0.035356250773769006
"4713_1",0.03768512066121086
"2895_7",0.7311382153726158
"8240_1",0.09896942873177512
"12241_2",0.0520570491099617
"2919_10",0.9854689978649851
"11110_2",0.038644947252226
"4502_8",0.1273238225681298
"11957_1",0.04018581991582201
"12338_2",0.04393992531949533
"2474_1",0.040948207828387255
"781_4",0.1490911116102485
"7528_1",0.038175591686091956
"3252_2",0.03527216691848506
"6778_8",0.9862648658576117
"3149_10",0.9336450358244314
"436_4",0.057226726432754206
"2586_1",0.040445382094874124
"3610_8",0.9155620196751207
"4392_10",0.988512175660822
"8914_1",0.06160606806642319
"2197_1",0.14188670247583243
"3323_10",0.9887196189758374
"975_4",0.06788261390352296
"9407_3",0.06799336996388797
"12005_7",0.8997007190075034
"1911_1",0.03669167049437277
"3956_10",0.9934400262999965
"1441_8",0.986507781589189
"10787_3",0.04091152181382922
"4569_10",0.9877821244464415
"11685_10",0.9513640994108218
"7810_10",0.9820847785045544
"3951_3",0.03620886026683203
"6050_10",0.08261554872615154
"2758_2",0.036819517613099075
"2664_10",0.9796993631443383
"1537_2",0.0347863208221167
"7988_1",0.21558432728009916
"6090_10",0.9894794617343513
"11509_10",0.950624121770885
"2227_3",0.04098165002082761
"865_3",0.054234494604077574
"7138_8",0.9484241569210107
"7924_8",0.9693410573697876
"10104_1",0.034620309624534974
"3917_2",0.0409575834137937
"169_4",0.04479043588960014
"8630_7",0.9877038936128324
"7895_7",0.9022297103792495
"5485_10",0.983720685536313
"8390_8",0.24197713845450314
"11497_7",0.984108776000782
"8964_3",0.03795933453537591
"4647_4",0.07505620507589121
"12231_7",0.8154308929880412
"9634_4",0.8269807012436357
"8582_10",0.9911060704779489
"9237_4",0.08307465128631819
"2847_8",0.976457525858097
"10940_1",0.03995766563097449
"2990_10",0.9877638680495338
"8377_8",0.9777363659597751
"1206_3",0.9076289686078025
"11719_9",0.9842132854240955
"7003_1",0.07854990303007577
"8012_4",0.20091674187699599
"2572_10",0.9764422011127493
"4126_8",0.9833510677855875
"9190_8",0.7148836453317584
"9625_8",0.9862607015393986
"4706_10",0.694640359859921
"8697_2",0.07617442019812286
"435_7",0.9824746338687073
"81_3",0.7137820682167215
"6713_8",0.9581582734960907
"5840_10",0.9886567136706544
"5671_8",0.9206478374505092
"5064_3",0.043504969728234935
"1149_3",0.034002473944062105
"12324_10",0.9577665541585715
"6705_1",0.03820288464946038
"243_9",0.9898876857677181
"306_10",0.9867739566382867
"7134_3",0.03752480764206236
"3227_10",0.9898623111839234
"1363_10",0.9769884483005333
"5134_9",0.8884470356698749
"5269_1",0.1191493043239181
"10915_4",0.035526862508174294
"7591_2",0.13907543502580488
"2326_2",0.037488408516470714
"688_4",0.1753173387506943
"878_10",0.9851274427938168
"10245_9",0.9769075015357594
"7388_2",0.05587278475346301
"4304_1",0.03476073780720612
"6752_10",0.9663607336433191
"6881_8",0.9875561436110208
"10230_2",0.04637820534762001
"6901_1",0.05809701718029597
"441_10",0.9903034328507132
"4743_4",0.07732343632827358
"6228_7",0.9217843826266499
"2563_7",0.9672974267145803
"6237_1",0.04165804988088724
"8619_3",0.0411063160480691
"2749_4",0.9665915750022304
"12355_3",0.0413548117248113
"4915_2",0.03779133460736951
"12234_7",0.9655381167510309
"3756_4",0.05468561936531451
"10051_8",0.9790743375309854
"5068_9",0.9564888005971679
"7767_10",0.989533343118032
"12069_1",0.03740327038060555
"10634_3",0.03662080505825602
"2787_1",0.03826798734707525
"5281_1",0.05124253169439393
"1496_1",0.035844209278895214
"8963_4",0.0345396224471409
"983_7",0.08292799191535755
"8337_4",0.03627267346555736
"783_1",0.04261415189653871
"9939_8",0.9894635792436057
"6507_8",0.9898041535929072
"3488_4",0.11499436146680808
"9304_9",0.8493022893043957
"8664_10",0.9356748335431296
"2722_10",0.990320263493436
"7716_10",0.8445555006295701
"8512_4",0.2526874245899889
"6002_7",0.9864151751917459
"1213_3",0.9664379331850217
"6351_7",0.9884524164005422
"3049_4",0.039681373838312654
"10897_4",0.08379184875994929
"1936_4",0.04097557423099621
"12368_9",0.9367576639265915
"10982_1",0.03558427014585653
"4116_4",0.03631659713353045
"8243_7",0.07679726580865642
"11506_2",0.8609594611065121
"291_3",0.03780360873328786
"7745_1",0.037328415877580824
"12190_9",0.9773988571573688
"7068_10",0.9362082484515504
"9649_3",0.04950058289496219
"773_1",0.04456268579783647
"1727_10",0.9885611845182878
"346_2",0.2521008943101716
"4629_9",0.9707154865204033
"2509_1",0.03432923692844324
"3664_3",0.03544931163101583
"1024_9",0.9851997823840635
"9514_1",0.03988269061002171
"3483_3",0.04031055904085978
"10053_4",0.7995041400836344
"255_10",0.9597045363773069
"1922_10",0.9092627324357986
"10416_4",0.04787665521826915
"9154_9",0.9685156847779466
"12359_3",0.09986920399962267
"4850_4",0.06159421844572532
"12398_10",0.9720779864416789
"8910_1",0.03659028038859756
"3797_8",0.7441557299599315
"2428_9",0.8169826531734203
"7062_4",0.20210486813775586
"7130_9",0.9875569748752245
"7343_1",0.0807180744912922
"7735_8",0.9244238438134419
"4104_3",0.037921981971834426
"11518_1",0.03337025064803478
"10784_4",0.9318615090746012
"3687_1",0.03871163799198407
"796_10",0.9381679012849682
"2613_1",0.08572869797702698
"3962_9",0.986400991844258
"4637_9",0.9674748999076891
"10076_3",0.035668876855124244
"2643_9",0.9900901008383324
"3588_1",0.19950315231207083
"6788_1",0.19930970042535842
"1445_4",0.9758588345520708
"10630_7",0.2164779416575161
"9173_10",0.9446525281807465
"3998_3",0.03827914654935803
"11853_1",0.054426703486631374
"2982_1",0.04183428736896503
"2536_4",0.23394967227115185
"5912_10",0.9840886867253302
"3267_8",0.8829227481897142
"8966_4",0.8992181117042383
"7671_3",0.040154509311456955
"1962_1",0.25054886901346246
"3574_1",0.05335045615364379
"10580_1",0.03629783079294992
"10103_9",0.26461448532780324
"2101_8",0.9129779024675062
"9804_10",0.985830267211094
"12413_9",0.8807478641331032
"9696_2",0.036973136759735015
"8988_1",0.036008280039937404
"882_9",0.9815304565488423
"8098_3",0.04574725968879358
"6072_3",0.8113958714812332
"9484_10",0.9725415228922587
"3448_10",0.988814057570529
"12074_10",0.9870270365474213
"5880_1",0.035477685474496194
"7658_1",0.034714788612748855
"1286_8",0.9769918110323133
"7013_10",0.987222023211051
"3590_1",0.038915526299174226
"695_4",0.0385965686486994
"8889_9",0.8727955740176175
"735_1",0.034897175096033475
"2041_7",0.28074473366341846
"12041_3",0.8683136486723625
"4918_3",0.08686593831091578
"1428_3",0.036007112716115654
"1846_4",0.049203236574204855
"11103_10",0.979419639689021
"1026_10",0.9780671684262493
"9731_3",0.14806256847627225
"7481_1",0.03840573395254765
"10191_10",0.9688825667864609
"8262_4",0.08256447484406673
"903_10",0.7379044584449244
"4212_2",0.14670425518241265
"11611_1",0.037469317405338175
"7814_1",0.03430097763861432
"5116_10",0.9635794397434143
"150_4",0.047710756360549694
"3618_2",0.03510660945913092
"10870_1",0.03699540092992036
"8523_1",0.03421208324547891
"2193_10",0.9681831563502425
"10237_10",0.9854782403528386
"2139_10",0.9896828468185677
"7691_7",0.9868361587206593
"9374_1",0.03673683519055069
"11426_7",0.9867951797953334
"12319_1",0.026885752874188058
"6817_2",0.21901581902537642
"745_1",0.03620679012619599
"6632_1",0.03917448414727955
"7149_8",0.9397691235112048
"9558_3",0.04261595050036392
"10509_1",0.03861246008279898
"1528_2",0.15600827683111046
"3422_10",0.9633802673618386
"6112_8",0.955612747678166
"3606_4",0.9789463825779058
"8768_7",0.1993285124063714
"2871_8",0.17167364002293917
"12404_10",0.9549359864146258
"6936_3",0.8849255811867554
"855_4",0.04615793398586416
"5703_3",0.05416321950014984
"9446_1",0.03888448850505167
"1407_7",0.19552743174160897
"8422_10",0.987244661188996
"40_4",0.1594341354886932
"344_4",0.040382401789182086
"11019_10",0.989932296885117
"869_1",0.036733271913411206
"2245_10",0.9662132196560915
"10002_8",0.9688073147015257
"5110_10",0.9595542359507354
"3201_9",0.8197788259194015
"10621_10",0.9544324026518145
"1213_7",0.8490323504332183
"2147_10",0.9846198100624971
"828_7",0.7528619652746954
"7600_8",0.9762402695537158
"4472_4",0.09417506627628235
"2759_2",0.047692804478859555
"10890_1",0.03601617003480191
"1637_10",0.9828562382082678
"1667_10",0.9781545910734126
"10433_8",0.9863741044494277
"11350_4",0.036820113988131266
"9437_3",0.9346342000972183
"3748_3",0.0408095513653342
"8062_10",0.9856283085564755
"11981_10",0.9269303679990377
"4214_7",0.7159483514557027
"6496_8",0.9107315791342263
"4489_4",0.1711710729285321
"5965_7",0.9219915014695923
"2785_8",0.9849803276760556
"6838_9",0.9734450280246579
"4678_9",0.9119107851076372
"8564_10",0.960020933944019
"4375_9",0.9473188557022562
"4654_10",0.9696643372791108
"2077_10",0.9376104121969776
"12491_4",0.037892371249327345
"11483_10",0.9880098082263866
"11130_8",0.9840130272130272
"2177_2",0.17241411888828878
"1376_8",0.08113079058957161
"3557_2",0.03691739690147883
"8039_3",0.05671347559101714
"6951_1",0.06062744247447666
"3440_2",0.10058201421492849
"10192_1",0.040804085262148536
"5874_10",0.984812863652557
"4258_10",0.8481219650887996
"8838_4",0.03994009564532549
"1090_8",0.9879633975516151
"10570_10",0.9744892752913867
"3421_7",0.9558987659834751
"1626_7",0.9325591206290726
"9887_2",0.1739984019677325
"4079_4",0.1123791402469368
"8826_8",0.7441489737433915
"8805_2",0.03409175934446138
"9121_3",0.9604327300470263
"10916_3",0.05860189622263226
"9717_3",0.0714715156155716
"8662_4",0.14643188240517596
"7393_3",0.10107803827357062
"12304_10",0.9571059544650917
"7063_3",0.17772689226428
"7955_10",0.9435637681061816
"2266_9",0.9834849700520644
"3490_7",0.9199392248917294
"11145_3",0.11617070715276612
"1668_2",0.03456621801743545
"1011_8",0.9535551192063807
"8300_7",0.09262977255050886
"9995_8",0.887446594408721
"1326_8",0.9570428695308554
"5232_2",0.10716618409119644
"363_10",0.9897037569384283
"11772_2",0.8764102351970838
"8771_3",0.03907852612333119
"927_3",0.8559311126420808
"2569_2",0.040912959710094496
"5558_10",0.9124105728214742
"12375_10",0.9722699241919835
"2338_10",0.9906016357809679
"5773_10",0.9881144683943834
"4664_7",0.9715546915117081
"12295_7",0.9195441826683317
"4123_8",0.9833024394105417
"1553_10",0.989448068242508
"3770_10",0.9274890505199584
"12011_2",0.03542767839723202
"8033_1",0.03758928908997036
"1395_7",0.8092641670704508
"8614_7",0.9294551367403837
"3784_8",0.9763346679294127
"8769_8",0.9839287001707782
"888_8",0.9817466866304518
"7799_2",0.966894682392745
"6031_3",0.09791845996126254
"11584_2",0.03452197579720236
"4570_7",0.8368925263592735
"6990_8",0.9798497157788792
"7290_1",0.03444942605657043
"1186_1",0.03972523394074012
"1329_4",0.9264533032397368
"6793_10",0.9750013998485713
"8562_10",0.15830367411737095
"8841_4",0.051059367181896284
"9234_1",0.08446782460647723
"2992_3",0.03920184107773928
"3761_4",0.04090841036506786
"1144_1",0.029400487696585438
"11737_10",0.9798104022637125
"6628_10",0.9077060737220018
"7619_4",0.9130845436489228
"5074_3",0.1607601223796812
"2056_1",0.035026762232839896
"812_7",0.985204421063846
"615_3",0.05301680732975692
"1473_3",0.10441121146673886
"11642_1",0.039509783614819674
"2957_8",0.9545498893529798
"3223_7",0.10045434421609867
"4491_10",0.9812983659715481
"11617_8",0.9190615149773521
"2209_8",0.8037492339687217
"10250_4",0.03719848372330501
"8707_3",0.04825628635686797
"3581_2",0.04991708913052642
"3089_2",0.03801407524994368
"9367_4",0.110050860523742
"8890_3",0.0370282612373326
"4657_3",0.03935161589556772
"8474_1",0.04000503631871245
"1542_3",0.03781592833969616
"9024_8",0.9214339763903934
"3176_1",0.12718545385406363
"11219_8",0.9835622765068559
"1086_2",0.043101825429255565
"11230_4",0.034816737155052256
"2543_3",0.04570786830719604
"3391_4",0.9826486892491013
"5876_10",0.8051564467215382
"6712_2",0.8533652630517727
"12468_1",0.034859845502366114
"1801_10",0.9825540043329025
"6727_10",0.9814956432166828
"3072_3",0.037543361711545806
"6079_7",0.9821756567718323
"1409_10",0.9516946511816535
"7709_2",0.0352537233858119
"11484_2",0.7485382104632162
"10843_2",0.036721736387224015
"3964_7",0.9526120579272854
"5691_7",0.8350097604870408
"5837_1",0.04014943947893124
"963_8",0.9904776378240319
"3530_8",0.9712586462983823
"6558_8",0.9722398370256234
"3084_4",0.11087532857377552
"3025_8",0.9772508795019308
"9396_8",0.8628888990079636
"7530_1",0.03996576772165462
"6301_4",0.046726618222126905
"2934_10",0.9844002458180481
"8286_9",0.9895187478025301
"12122_10",0.9283122404396783
"2799_8",0.9683653267871845
"3516_7",0.04077287807324481
"5715_10",0.9588425165745722
"6525_3",0.10723076799371759
"12308_10",0.14200728707718174
"1305_9",0.9459605941670464
"8190_2",0.056610689475718574
"8170_1",0.19663194895550193
"2355_7",0.9297073833394346
"9714_3",0.032781152489418805
"9667_8",0.9636568761441549
"4861_1",0.05986211634698986
"10028_10",0.9880800691429847
"3256_2",0.1584969546418774
"5974_2",0.038427616214027994
"9185_10",0.9908683123676225
"2507_10",0.9553216821568783
"8910_10",0.9858040427764778
"6791_1",0.06822253797908445
"1692_10",0.86743700311484
"5520_10",0.9760257812383263
"10119_10",0.9904961895087344
"1226_1",0.037433776298196074
"5998_7",0.172609936171715
"4421_1",0.17501654634315233
"7660_8",0.9619174002434958
"5532_4",0.7395795656183923
"2869_3",0.2184836942864281
"3795_2",0.03520877925315701
"3602_10",0.9909921562309637
"1453_10",0.9542564276241969
"1298_8",0.9860503446296981
"6331_1",0.026873345710482784
"7694_3",0.03477170880597219
"11568_10",0.9143439015828383
"6426_7",0.7732117711924095
"609_7",0.15959163446085625
"3352_4",0.06336543864128966
"12451_3",0.04901709171662066
"3228_7",0.9869889739575562
"945_7",0.04076971728790646
"8283_10",0.9480236833570829
"10780_7",0.9713982344918007
"2944_1",0.03710027945910093
"5697_7",0.9348086330061243
"9066_3",0.06386314335977109
"6254_7",0.9850284884649415
"384_4",0.037594207965106215
"1961_9",0.99194016501508
"10085_2",0.08817607270571981
"1726_10",0.9894479146718402
"7937_1",0.03596556511683237
"2561_10",0.9823342968392197
"9899_9",0.990554767446518
"8694_2",0.056960969198963055
"4217_8",0.9790473352491815
"2425_3",0.706400428280054
"5809_1",0.17928341431587147
"3122_7",0.9342537597796806
"1522_10",0.9856689038745408
"5582_10",0.9100726334567402
"12357_2",0.0375743634950432
"3166_10",0.8996444085298946
"3176_9",0.9234585800654773
"9320_9",0.9908123029526391
"8187_1",0.041304106964078546
"5573_1",0.034452735257648824
"9078_2",0.10538388302504269
"6706_4",0.09540772512465492
"8882_8",0.8044952430909373
"2489_3",0.08777277040405672
"2768_10",0.9813842960340236
"2384_3",0.18911080115832002
"12494_8",0.973927371540368
"10375_3",0.044042439184272905
"403_7",0.9348461029662448
"6334_3",0.04544618036800801
"9136_1",0.04537384061584
"10698_1",0.03648829084102158
"2203_4",0.0822851423870695
"2122_1",0.040235809385178845
"2904_4",0.06220622536054399
"12367_9",0.9683105512979098
"9638_8",0.9883958958612057
"2005_1",0.034576107831497255
"4963_8",0.9510503504487081
"7575_1",0.21888024195252437
"9989_1",0.07748057411367905
"8776_4",0.9852937356870533
"10188_10",0.9554333788208267
"8238_1",0.04358108964420855
"9244_4",0.9558526452797378
"11142_2",0.04027519910491609
"4365_7",0.9230869212423527
"5877_4",0.07017093603940104
"12135_8",0.9741096909582546
"3526_3",0.18625711306171694
"5209_4",0.052480669469050945
"5991_2",0.03499744414800756
"10888_1",0.03770512708764001
"1303_3",0.036484177175414266
"5764_4",0.045242172768906394
"2933_10",0.9271909572471804
"7297_1",0.03955775150286906
"11156_10",0.9246450857496875
"1353_1",0.04319506478720561
"10017_1",0.20693257877681345
"4203_3",0.20775489918607792
"4546_9",0.9894668484979223
"6039_1",0.04090172203305032
"5804_3",0.04150161796224315
"9085_4",0.15574365842903243
"10774_10",0.9487500998065701
"2178_7",0.9484284955524916
"2958_2",0.043338618454105214
"11469_8",0.967803359202666
"5378_2",0.2517619079162605
"4583_8",0.12465851333680254
"9539_10",0.9906712569868241
"5090_8",0.8826042725187658
"12036_4",0.04006161752247469
"1766_9",0.9672516010115731
"11536_7",0.9866376362108829
"4792_9",0.9679735867206155
"7615_1",0.041767554164734114
"9624_1",0.0363746867937783
"5230_9",0.9601849659396726
"939_4",0.7888507793750386
"2353_7",0.8809109713296118
"8760_9",0.971230741414951
"3231_9",0.9820018386026895
"8183_7",0.9732075781265577
"2156_10",0.25589591205459006
"245_2",0.04967956022025723
"12048_1",0.03510419771969231
"6572_9",0.1235048298838739
"10848_9",0.9479203140871545
"9576_10",0.9733979941539475
"3174_1",0.039159476188579526
"9824_8",0.7455298612958675
"8199_1",0.04780906279400572
"10911_3",0.037867519351172066
"2452_1",0.09482251010278278
"7574_3",0.0375276034912057
"8363_7",0.9795129058528234
"3672_9",0.9694671940857429
"11693_10",0.9898893262747065
"9731_10",0.9825565097016586
"280_1",0.0356291023230979
"10065_8",0.9879044466604942
"10284_9",0.7694544104565753
"7990_1",0.05866456916600522
"12256_4",0.9583227231886478
"7558_1",0.04961153183685389
"9636_2",0.04277807133287967
"8632_2",0.05221562329756676
"6157_3",0.04413050049742694
"9429_7",0.8869101993250238
"1447_1",0.06337101126462186
"10948_8",0.9169393741885985
"12300_4",0.0461998767549349
"10208_1",0.052617732591860866
"5889_3",0.9521089806360372
"2376_9",0.9400577566100998
"3354_2",0.034192951897740444
"9530_1",0.14173773182883959
"2469_10",0.9903101672149297
"2229_10",0.9436144850690452
"12326_10",0.7776278855777771
"8097_2",0.04840391702197706
"6502_3",0.2804806620904531
"8877_8",0.9886943498828158
"5408_7",0.9170342259490195
"3589_4",0.07446256452245062
"5934_3",0.042098930723063026
"3653_10",0.9892444809788539
"6900_1",0.03690031455106637
"3395_9",0.9820719349617891
"10302_7",0.9288755325076579
"10527_3",0.03538251754693573
"10080_10",0.9898314652671963
"5818_10",0.9863003799173834
"3178_10",0.9589060991181142
"10636_8",0.8875181153552811
"9586_2",0.9399321950386721
"8548_2",0.8134499383145689
"2851_1",0.034802516257431616
"6874_7",0.96916149237033
"5850_8",0.9877796206576941
"2392_10",0.9830082951596351
"7434_2",0.10104979549943982
"11879_10",0.9815242731442944
"1190_10",0.9726727034646888
"8411_10",0.9886556901393554
"4833_9",0.9630259898579707
"5853_1",0.04342527569223337
"5485_4",0.04030528153432221
"111_3",0.05371278354220681
"6376_10",0.9748489366213591
"5425_1",0.06105756329014596
"3189_2",0.03457486349458258
"5053_8",0.9868578432918448
"1171_1",0.16886828848048946
"2206_4",0.04255622165697573
"11912_4",0.051459207410957206
"9874_7",0.9708695977116109
"3439_9",0.7726946120029803
"4221_8",0.9644738703285252
"6830_3",0.041940252715049725
"960_8",0.9691578453039924
"11862_1",0.23230376812692638
"8231_7",0.8857962151008764
"11765_1",0.035088638763337406
"9849_1",0.039803809287084525
"7518_4",0.058317085626984635
"3014_1",0.041308600841727494
"2534_10",0.9830889507882208
"5197_10",0.9701386928081925
"6775_2",0.03829836537854743
"4649_1",0.06048132650530874
"10748_3",0.0486074008112317
"6943_4",0.14741978900765063
"9692_1",0.037290754535329894
"11972_7",0.04706554506403799
"7251_9",0.9865500570529688
"459_4",0.9337643204393513
"1101_8",0.19539212791576596
"358_4",0.03726425952050129
"7543_1",0.04380541784922971
"3980_3",0.042532135047347694
"1276_3",0.04961360967540769
"12111_8",0.9695338441820063
"11876_4",0.056882539901409346
"5473_8",0.987258638933279
"1296_1",0.042639396891159406
"7224_9",0.851912212588554
"8035_10",0.9810712307996133
"10436_1",0.04177773271665411
"8475_1",0.05806300234898096
"4293_2",0.04317549786465441
"9867_2",0.03560961795083934
"4101_1",0.08923502904625624
"6220_1",0.02587877645415381
"6246_4",0.07759594062874059
"2907_8",0.9463286239434088
"4532_2",0.03560402454509762
"10753_8",0.9464214095851514
"328_10",0.9602257652462443
"1941_1",0.04187810341562049
"7586_9",0.9060353102170597
"11294_1",0.03834541882794233
"7534_9",0.9828917376716134
"2675_3",0.040306127581239755
"3837_10",0.9884534350354317
"5349_9",0.9840655553991368
"641_1",0.031707592172912996
"9273_8",0.868075284523487
"8120_4",0.3481841813766491
"10610_1",0.049712823149745074
"1829_1",0.03604530453865983
"6406_10",0.9835382410068708
"4029_10",0.9879486627736692
"10845_10",0.9843282931015411
"2573_4",0.24315825895547116
"2033_3",0.1970146188505583
"9633_4",0.9662290209311992
"6243_1",0.08271893352296739
"7596_10",0.9400457063687133
"4208_8",0.9852180265815361
"6984_8",0.9603781481991454
"3656_1",0.03790669708633355
"2434_1",0.03653176191606354
"10340_7",0.8929836052054148
"6130_9",0.9862531890944805
"8093_7",0.12903139457327437
"7962_1",0.08945300083110026
"12178_7",0.0403934097732184
"10931_2",0.03677878598641191
"6857_10",0.9101219412347791
"11091_8",0.9905185026968751
"4167_2",0.06526708730135662
"679_4",0.8432104138182944
"10147_1",0.02629608143095154
"6875_1",0.03605017061179356
"923_10",0.9907294223236873
"6200_8",0.05415116805231605
"7208_8",0.9829738290254861
"5363_8",0.9836394303866348
"4067_8",0.048947755240819894
"1773_7",0.9562059563812896
"1498_10",0.9872445723999234
"10497_10",0.8211401304422187
"3444_10",0.9796181127329066
"588_2",0.05596502865530833
"9678_9",0.8987584228093239
"1983_9",0.05689266962763536
"5012_3",0.047571370616465436
"12240_2",0.8494180032151717
"5071_2",0.03680739378252964
"5078_2",0.035792262787645884
"10069_3",0.04967698522716794
"7407_8",0.8805844129791016
"7207_1",0.033229941776200284
"2155_10",0.9789998059486406
"59_10",0.9844692921632976
"2531_1",0.04808692891494305
"7772_8",0.9814542079687386
"11465_10",0.9424611963977623
